[SCALE]
1.0

[BORDER]
123.98601880948990583 9.78415815252810717
123.88274962734431028 9.77954316977411509
123.88274962734431028 10.38759077526628971
123.18510844837874174 11.74503618199378252
119.52054694201797247 15.17651487886905670
118.80259634181857109 16.77819540537893772
118.81624711025506258 17.65878821071237326
119.29557620733976364 17.64732272550463676
119.64883642178028822 16.16076176706701517
120.65725954994559288 14.92855961434543133
124.08579741045832634 11.75633396115154028
124.46146723721176386 11.06605642288923264
124.38702939543873072 10.40001005865633488
124.50228275079280138 10.40001005865633488
124.53057748172432184 9.80850854143500328
124.35570231452584267 9.80068084690719843
124.37354873400181532 7.44400413986295462
126.51380430720746517 7.34642626531422138
126.36495785694569349 4.12854778021574020
126.48324392084032297 0.82418102584779263
125.52208753582090139 0.79773918446153402
125.52640266064554453 0.42378282826393843
130.48683194536715746 0.40182628575712442
130.48245219048112631 3.99999995715916157
131.10341641120612621 3.99999995715916157
130.92898748721927404 1.29992423765361309
131.70027652755379677 1.32299975398927927
131.71086230222135782 0.50946048088371754
132.09372280631214380 0.50881680473685265
132.09561189450323582 1.94802319630980492
132.81436677556484938 1.99081353377550840
132.81337634101510048 0.50758284796029329
133.95115336589515209 0.50563938263803720
133.93734233174473047 1.32412991113960743
134.63781240116804838 1.33593970537185669
134.66293900180608034 1.93669727724045515
136.10676397103816271 1.93710284493863583
136.05263614933937788 0.50204979069530964
137.24266981892287731 0.50001706648617983
137.24274981021881104 4.01000004261732101
139.48781300429254770 4.01000004261732101
139.47868468984961510 4.73556925822049379
140.17896458134055138 4.74467371404170990
140.30175105109810829 10.32420343905687332
140.20059682521969080 10.91785699035972357
140.82166757993400097 10.93833310715854168
140.83546615205705166 8.64448912069201469
142.66758263204246759 8.71238714642822742
142.65581218618899584 9.20526381768286228
145.16833990253508091 9.24887162912636995
145.17677808273583651 8.82347412128001451
146.68589376751333475 8.85704738087952137
146.71841699723154306 7.88377313036471605
157.37385600898414850 8.01867831964045763
157.33979148883372545 8.76066098175942898
158.15921912249177694 8.79827124811708927
158.18992355652153492 7.03307188116014004
157.59319524839520454 7.02825034502893686
157.59012407530099154 4.91349996998906136
161.36558735184371471 4.91349996998906136
161.28159810137003660 5.83553173206746578
162.28241006750613451 5.89876727666705847
162.29735216498374939 5.75100003741681576
163.49274960719048977 5.75100003741681576
163.49274960625916719 4.91339137777686119
172.45807850547134876 4.81550100632011890
178.73766694776713848 4.92313067428767681
183.31332336924970150 9.37399689201265574
183.33919372502714396 39.12998996116220951
181.38273955136537552 39.12998996116220951
181.38273955136537552 40.74999991804361343
181.51769232284277678 40.74999991804361343
181.52725838683545589 41.23284126538783312
179.70068011339753866 41.27327117789536715
179.63000669702887535 43.20999998971819878
178.54274970293045044 43.20999998971819878
178.54274970293045044 50.60993475839495659
172.28334577009081841 50.56919482909142971
172.28275568876415491 49.06001008488237858
169.76275955140590668 49.06001008488237858
169.76275955047458410 50.55279485136270523
169.32274953182786703 50.54993472155183554
169.32274953182786703 57.75046100933104753
163.48134198226034641 57.75101988576352596
160.94347321707755327 57.18957705143839121
159.66188106499612331 56.62886609509587288
157.88161333277821541 55.31755171250551939
157.51601806282997131 55.81847276166081429
159.98299453966319561 57.58171047829091549
163.45354693941771984 58.31645303685218096
163.46329834498465061 58.16888464707881212
169.32274953275918961 58.19056302960962057
169.32274953275918961 58.57000004500150681
169.72260287869721651 58.57000004500150681
169.62259817402809858 65.00065653026103973
170.22538293153047562 65.02140478417277336
170.14287842344492674 58.57000004500150681
176.00274970568716526 58.57000004500150681
176.00274970568716526 59.62998991273343563
175.50274128373712301 59.62998991273343563
175.50308792572468519 60.04999998025596142
176.00274970568716526 60.04999998025596142
176.00274970568716526 64.36615776550024748
175.50803874060511589 64.36161099374294281
175.44123007077723742 64.79062718525528908
176.00274970475584269 64.79317472875118256
176.00274970568716526 69.17999994382262230
175.50434234086424112 69.17999994382262230
175.43317692074924707 69.58813239447772503
176.00274970475584269 69.59138307906687260
176.00274970568716526 77.40000000223517418
177.00821340084075928 77.40000000223517418
177.26274971570819616 77.69075876660645008
177.26274971570819616 78.69701000209897757
177.43727581109851599 78.69700945727527142
177.51900012325495481 80.52425044588744640
180.83874964807182550 80.34801013581454754
180.83874964900314808 88.59200994484126568
182.02372280694544315 88.59200994484126568
182.27629889361560345 90.56527420692145824
182.03266072645783424 90.68514929525554180
179.85405643004924059 88.51430022809654474
179.93928204476833344 88.42437498085200787
179.51619435846805573 88.02402399666607380
179.40656105428934097 88.24321805592626333
176.21742714103311300 88.21137563325464725
176.32237412035465240 84.99669687915593386
175.30397670157253742 84.94332036934792995
175.13325699418783188 88.20055056177079678
169.38699691556394100 88.14317610114812851
169.41102136950939894 88.82412095740437508
169.99870401713997126 88.66328258905559778
179.28533947095274925 88.68091228697448969
182.63887811265885830 91.93283659592270851
182.53515391238033772 92.17354904953390360
182.02128388546407223 92.15107493475079536
182.01769228372722864 92.99755568802356720
181.82921724021434784 92.99423531256616116
181.81653690338134766 93.71401137299835682
182.51535962708294392 93.73411702457815409
182.33315054140985012 94.74880662932991982
182.45500500220805407 100.06832585018128157
182.83842426817864180 100.13565599359571934
182.81887642201036215 101.13689981587231159
183.95157819427549839 101.15901305899024010
183.95315234921872616 102.16168759949505329
182.85733362380415201 102.16289438959211111
182.87854793295264244 102.73689374886453152
182.27863695099949837 102.71353532746434212
182.32621149253100157 103.43148779589682817
182.92244499456137419 103.42082716338336468
182.87593568582087755 103.87191590853035450
182.35587631817907095 103.86743118241429329
182.34966371860355139 104.58740395400673151
182.94710918329656124 104.59255598857998848
182.96237349137663841 105.00583089701831341
183.95761184301227331 105.00220769178122282
183.95998998731374741 106.51699079014360905
182.69545056764036417 106.38704333268105984
182.42177593335509300 109.59556792769581079
182.64904981106519699 109.61495341360569000
182.61413822043687105 113.04585447907447815
183.92350147198885679 113.05751744471490383
183.91059645917266607 114.13379299826920033
182.55504038464277983 114.13379299826920033
182.62305265292525291 116.26620116829872131
183.88524318207055330 116.24825093988329172
183.85286942590028048 118.94821552839130163
174.67714758031070232 118.90698479488492012
174.67722896486520767 118.80484621785581112
174.05589209310710430 118.90292750112712383
174.05687013827264309 119.38036497402936220
183.86187411751598120 119.32655499316751957
184.47063210420310497 119.43737719859927893
184.45233479794114828 117.63637271430343390
185.71045764256268740 117.68308073282241821
185.66273324657231569 118.74766027368605137
186.70956138242036104 118.79793799575418234
186.72915042378008366 118.09550535213202238
187.32840826082974672 118.22175760474056005
188.61910763382911682 118.08885485213249922
188.61239507794380188 121.47222655918449163
188.28169312514364719 121.51490370556712151
187.60314913187175989 118.95042476244270802
186.69826587103307247 119.18984808586537838
187.44073033519089222 122.32421527896076441
188.61131926998496056 122.01447347830981016
188.59455690253525972 130.46331533882766962
187.32694281078875065 130.44408122450113297
187.32127280440181494 130.01535383984446526
186.60213912092149258 130.04438035935163498
186.61299594398587942 130.91491000354290009
183.06245431955903769 130.92463739775121212
183.06003507785499096 136.02279721572995186
185.30368860065937042 136.09175694547593594
185.30273813661187887 136.92276991903781891
186.30350148584693670 136.92276991903781891
186.36468740552663803 137.70487508829683065
187.05843519140034914 137.60922271758317947
187.46252021845430136 141.86843453533947468
188.57191304489970207 141.87664287257939577
188.55659057665616274 149.59972364362329245
187.35518576670438051 149.49724622070789337
187.08157372195273638 152.70479879621416330
187.35686173941940069 152.75153091922402382
187.34743421711027622 153.69920877646654844
186.38563292752951384 153.13217099849134684
185.20655069034546614 154.93373600766062737
185.94388331379741430 155.41733759641647339
185.86545148026198149 155.68710243795067072
185.09952445887029171 155.69829728826880455
185.11005689017474651 156.41822519339621067
186.78224652819335461 156.43754479289054871
186.82900119386613369 155.67452608514577150
186.17556510213762522 155.68451551813632250
186.06539210677146912 155.48417827300727367
186.61856354307383299 154.64076436683535576
186.53100322093814611 154.57490170653909445
187.06598656065762043 153.66815168503671885
187.34696509595960379 153.74636606778949499
187.32389051001518965 156.06588053610175848
188.54374028462916613 156.07673769257962704
188.51914969179779291 168.47128990758210421
182.60385324526578188 168.38294139970093966
183.21619206201285124 166.71068699751049280
187.24569637700915337 166.70315132010728121
187.28483314719051123 157.67507218755781651
178.24274968169629574 157.70002748537808657
178.24274968169629574 165.10027627460658550
177.79139275941997766 164.97749208472669125
176.88206950109452009 168.37764995824545622
165.90252170711755753 168.31356151960790157
166.12789047323167324 165.07543003093451262
165.60888893716037273 165.03974781651049852
165.93101757764816284 161.74960097856819630
164.91574942134320736 161.65133307501673698
164.59461550973355770 164.96947321761399508
164.04701415356248617 164.93126047030091286
163.64997798856347799 168.30041325371712446
159.52092466130852699 168.27631166297942400
159.51959415059536695 168.81215118616819382
159.95419256389141083 168.80096833035349846
159.97089568898081779 170.63823561370372772
160.16014710627496243 170.64792197477072477
158.95393468253314495 173.68508282490074635
159.90191235579550266 174.06157496385276318
161.09042459260672331 171.06895720865577459
160.93190857023000717 171.00600143801420927
161.00057727843523026 170.69093730021268129
163.18669885583221912 170.80282848328351974
163.17353535350412130 168.79638000391423702
180.56151982117444277 168.79638000391423702
180.66815329343080521 169.00027799233794212
164.71306503470987082 191.97105420939624310
149.39988625235855579 209.98000000044703484
103.05573612917214632 209.98000000044703484
102.18351385556161404 207.11125296447426081
101.68987151235342026 207.26531146559864283
102.51523828227072954 209.98000000044703484
100.32275666110217571 209.98000000044703484
100.32276761345565319 208.07981933373957872
98.30341163836419582 208.11597734875977039
98.30320278275758028 209.98000000044703484
64.74264758639037609 209.98000000044703484
64.64219821617007256 200.18628734908998013
64.74235203675925732 199.59318281523883343
65.44038083031773567 198.23496383614838123
69.10497240908443928 194.80351511202752590
69.82294285856187344 193.20182467252016068
69.80927185621112585 192.32122132275253534
69.32996291294693947 192.33270753920078278
68.97669278457760811 193.81926808319985867
67.96824974007904530 195.05147043615579605
64.53970193210989237 198.22364598512649536
64.16402208339422941 198.91391346324235201
64.23844993580132723 199.57998994179069996
64.12321650329977274 199.57998994179069996
64.09492177143692970 200.17149145714938641
64.26979693770408630 200.17931915074586868
64.25195173826068640 202.53583470359444618
62.11153845023363829 202.63321956619620323
62.31225118413567543 205.96758510079234838
62.13260752335190773 209.50570367183536291
58.04305804800242186 209.55048997700214386
58.04258117359131575 206.56543271243572235
58.18978213332593441 206.55206078290939331
58.14194828178733587 205.98000004328787327
57.52209208812564611 205.98000004328787327
57.69419648125767708 208.68041234463453293
56.92530944664031267 208.67412076611071825
56.90286175720393658 209.29173804633319378
56.52974056266248226 209.28493573702871799
56.52990092337131500 208.03197761159390211
55.81113069038838148 207.98918635956943035
55.81241619028151035 209.52687237598001957
54.67366451676934958 209.51474104356020689
54.68815692141652107 208.65587008837610483
53.98768685106188059 208.64406029321253300
53.96256025135517120 208.04330272227525711
52.51873479317873716 208.04289715457707644
52.57347477879375219 209.49236733280122280
51.42252026963979006 209.48010600078850985
51.42275027744472027 205.96999995782971382
49.13768624980002642 205.96999995782971382
49.14681475702673197 205.24441534373909235
48.35284296888858080 205.23531516920775175
48.42321058828383684 199.06208788789808750
47.80338527821004391 199.04165283963084221
47.85318957641720772 200.47999997995793819
44.20273804012686014 200.52021157275885344
44.20441779028624296 201.93000004999339581
43.79249806515872478 201.93000004999339581
43.81711259018629789 201.09322522953152657
43.55074966698884964 201.03883550222963095
43.55074966698884964 200.23699991777539253
42.53125021606683731 200.23699991777539253
42.48623831011354923 201.11292307358235121
41.78702412638813257 201.16328420490026474
41.80942311976104975 201.93000003881752491
31.13275965489447117 201.92999006621539593
31.13275965489447117 205.06650003045797348
27.29458087868988514 205.06650003045797348
27.39823543094098568 203.85030225571244955
25.26041613984853029 203.75099994614720345
25.23898199666291475 203.90746156685054302
24.43895865604281425 203.87074211891740561
24.42432845104485750 204.18942702282220125
23.52227991633117199 204.19038071669638157
23.53184549324214458 205.06540828850120306
9.88777359481900930 205.05680252239108086
5.31217588298022747 200.60600310098379850
5.28275830019265413 166.77000001072883606
10.08274955116212368 166.77000001072883606
10.08274955116212368 159.37006522994488478
19.30274952482432127 159.43006535246968269
19.30274952482432127 152.22968877479434013
25.14054488670080900 152.22900008503347635
27.67194338981062174 152.79023201297968626
28.95363785047084093 153.35112364776432514
30.73389569111168385 154.66244827862828970
31.09949135407805443 154.16153727751225233
28.63261281233280897 152.39836684241890907
25.74281584750860929 151.70899998769164085
25.13163954764604568 151.70899998769164085
25.13163954764604568 151.81136899907141924
19.30274952575564384 151.79333095345646143
19.30274952575564384 151.40999995544552803
18.90286789648234844 151.40999995544552803
18.98576017282903194 144.90509930904954672
18.76054574083536863 144.95567266736179590
18.11363326851278543 141.88501275517046452
17.11555244401097298 142.09533683303743601
17.76954406220465899 145.19869704265147448
18.39456136804074049 145.05835582409054041
18.48260995000600815 151.40999995544552803
12.62274954840540886 151.40999995544552803
12.62274954840540886 150.35001008771359921
13.12275822088122368 150.35001008771359921
13.12240110617130995 149.93000002019107342
12.62274954840540886 149.93000002019107342
12.62274954840540886 145.61462751682847738
13.11728085670620203 145.61942369677126408
13.18228502105921507 145.18878933601081371
12.62274954840540886 145.18641246296465397
12.62274954840540886 140.80000005662441254
13.12120156642049551 140.80000005662441254
13.19029068201780319 140.39117353875190020
12.62274954840540886 140.38811368495225906
12.62274954840540886 132.57999999821186066
11.61728585325181484 132.57999999821186066
11.36274953745305538 132.28924123197793961
11.36274953745305538 131.28298999648541212
11.18822344113141298 131.28299054037779570
11.10649912990629673 129.45574955362826586
7.78674960415810347 129.63198986276984215
7.78674960508942604 121.38799005560576916
6.60177651047706604 121.38799005560576916
6.34828550089150667 119.40757624339312315
6.59220175724476576 119.28778746817260981
8.77145251445472240 121.46568935085088015
8.68621753528714180 121.55562468711286783
9.10922500025480986 121.95593705959618092
9.21885943133383989 121.73671980388462543
12.40900813788175583 121.73659041430801153
12.30312526784837246 124.98330313619226217
13.32152255065739155 125.03667962923645973
13.49366051051765680 121.75239004287868738
19.23842847626656294 121.83687261398881674
19.21821928303688765 121.16260917298495770
18.62684740871191025 121.31671752687543631
9.34016864839941263 121.29908772837370634
5.99703130498528481 118.04734775982797146
6.10085423104465008 117.80691055394709110
6.60421536676585674 117.82892506383359432
6.60780696757137775 116.98244430962949991
6.79628201294690371 116.98576468601822853
6.80896234977990389 116.26598862558603287
6.11010196618735790 116.24588188994675875
6.29235600866377354 115.23134603630751371
6.17049405258148909 109.91167414933443069
5.78707498405128717 109.84434400498867035
5.80662283115088940 108.84310018364340067
4.71691472548991442 108.82182628568261862
4.70994444936513901 107.81827099435031414
5.76816562935709953 107.81710560992360115
5.74695131927728653 107.24310624971985817
6.34686230216175318 107.26646467112004757
6.29928776063024998 106.54851220361888409
5.70305425766855478 106.55917283520102501
5.74956356640905142 106.10808408912271261
6.26962293498218060 106.11256881710141897
6.27583553455770016 105.39259604550898075
5.67839006893336773 105.38744401000440121
5.66312576178461313 104.97416910156607628
4.69021511171013117 104.97771102190017700
4.67970475926995277 103.46446797624230385
5.93004868552088737 103.59295666683465242
6.20372331980615854 100.38443207088857889
5.97644944116473198 100.36504658404737711
6.01136103272438049 96.93414552044123411
4.70249748416244984 96.92248700466006994
4.71531170234084129 95.84620700217783451
6.07045886944979429 95.84620700217783451
6.00244660023599863 93.71379883121699095
4.74048652779310942 93.73174578137695789
4.77263066545128822 91.03192437626421452
13.94835166912525892 91.07303528115153313
13.94827029015868902 91.17514719162136316
14.56968864053487778 91.07740702200680971
14.56862760614603758 90.59973594732582569
4.15307500772178173 90.55160318501293659
4.17163111828267574 92.34357035811990499
2.91435579489916563 92.29689380526542664
2.96181505080312490 91.23060124740004539
1.94371439516544342 91.18664505705237389
1.91801346093416214 91.88905897364020348
1.29709323402494192 91.75824286695569754
0.00180931389331818 91.89103254303336143
0.00168608594685793 88.46610788255929947
0.33268173132091761 88.42305292375385761
1.02235012222081423 91.02957523707300425
2.00842478964477777 90.76866940315812826
1.18476891890168190 87.65578472055494785
0.00166819524019957 87.96883718017488718
0.00136407464742661 79.51623585354536772
1.29855644144117832 79.53591877408325672
1.30422644782811403 79.96464615967124701
2.02336013223975897 79.93561964016407728
2.01433410029858351 79.21188772190362215
1.00062737148255110 79.22435755096375942
1.00926889386028051 78.81567327771335840
0.00133810285478830 78.79440103378146887
0.00114246178418398 73.35679920762777328
0.64250024221837521 73.27924197539687157
0.64275012817233801 78.28000009059906006
3.66274964436888695 78.28000009059906006
3.66274964343756437 73.26000675559043884
3.32253102492541075 73.25977676175534725
3.32276103366166353 73.05723008140921593
2.30274953693151474 73.05723008140921593
2.30274953693151474 73.25870502740144730
1.05090617761015892 73.21140892803668976
1.06456654053181410 72.59751134086400270
0.87765556573867798 72.59912660252302885
0.85804031137377024 72.23652948345988989
1.56821757368743420 72.16567139513790607
1.52014089561998844 71.71342361904680729
2.36855181492865086 71.59646053425967693
2.27021016180515289 70.88320790044963360
1.44399276189506054 70.99711322784423828
1.14159960951656103 68.97300765477120876
1.16297903377562761 68.11156546417623758
0.37707947287708521 68.10575063526630402
0.44036510307341814 69.04727974440902472
0.00098908133804798 69.09381677955389023
0.00067488010972738 60.36101694032549858
1.26345131825655699 60.53324848599731922
1.54397066030651331 57.27476078551262617
1.27196156699210405 57.24162239488214254
1.27855195011943579 56.50167909264564514
1.46956054680049419 56.39368697907775640
2.22643633466213942 56.83994718734174967
3.40461544971913099 55.03720381017774343
2.68147269356995821 54.56261239200830460
2.75993144232779741 54.29289926122874022
3.52597479429095984 54.28170271031558514
3.51545582246035337 53.56269477494060993
1.78509301692247391 53.58556223101913929
1.87638475373387337 54.29527941998094320
2.45332052186131477 54.29466704931110144
2.56119228340685368 54.49416723009198904
2.00659333262592554 55.33975765295326710
2.09776632115244865 55.39955505356192589
1.56184060126543045 56.30790267232805490
1.28097278717905283 56.22987668123096228
1.30159832350909710 53.91411937028169632
0.00044250767678022 53.90253855660557747
0.00021214876323938 47.49999990686774254
4.45274955034255981 47.49999990686774254
4.45274955034255981 43.28000000119209290
0.00006031617522240 43.28000000119209290
0.00000000000000000 41.60362586379051208
12.77464760839939117 41.59825985971838236
12.80538679938763380 41.94483387935906649
10.77127908356487751 42.30764134600758553
10.91526087094098330 43.11489045619964600
14.08524021971970797 42.54949870985001326
13.91548093687742949 41.59778065141290426
23.11939485743641853 41.59391453862190247
22.89974938798695803 44.86284558381885290
23.42277023848146200 45.00138671044260263
23.30007382109761238 48.20102927181869745
24.31932919844985008 48.24012597929686308
24.44754444342106581 44.89628753252327442
24.99830396473407745 44.95916066691279411
25.43655562773346901 41.62266804929822683
29.10285967774689198 41.70384382642805576
29.10285967774689198 41.08182568475604057
28.50342826731503010 41.18172082304954529
28.60774029791355133 38.95629777759313583
29.79195458721369505 35.97452722955495119
28.84398694057017565 35.59803503379225731
27.65546466410160065 38.59065280016511679
27.65004702657461166 38.92467609979212284
25.45237831398844719 38.87950272765010595
25.38873752858489752 40.12305848114192486
25.26840310730040073 40.12265658564865589
25.26592299900949001 41.18358122557401657
4.50924600660800934 41.10307323746383190
4.50061733275651932 40.73337714932858944
6.18005979619920254 40.64840897358953953
18.56031801644712687 15.26783546432852745
42.82101438101381063 0.00000000000000000
123.88285451289266348 0.00000000000000000

[OBSTACLE]
59.62200598046183586 205.62947245407849550
59.13671435974538326 208.28423874173313379
60.82865554746240377 208.59353097714483738
61.31402262020856142 205.97275437973439693

[OBSTACLE]
103.62728209700435400 205.12964324187487364
102.47415195871144533 206.40397610515356064
104.58534256368875504 208.18089990224689245
105.69088401459157467 206.86337218247354031

[OBSTACLE]
100.33350060880184174 201.28002964798361063
98.27616430725902319 201.28012049943208694
98.30277579836547375 207.30000000447034836
100.32271366752684116 207.30000000447034836

[OBSTACLE]
76.45353170018643141 196.33320304658263922
76.21794377919286489 196.90716339927166700
78.19286198727786541 197.63115166407078505
79.42127729300409555 198.46868939511477947
79.92404534108936787 199.84742187801748514
79.93692159280180931 203.87065195851027966
80.55692161433398724 203.86866797320544720
80.54180421307682991 199.15702774003148079
80.28702145442366600 198.41387798916548491
79.17102048266679049 197.46194940339773893

[OBSTACLE]
53.77934604790061712 198.65398477390408516
50.59288443904370070 199.11749367509037256
50.73970319330692291 200.12686534505337477
52.26638743188232183 199.90479158703237772
52.42257786635309458 203.16994501929730177
53.44151262193918228 203.12339240312576294
53.33227888215333223 200.81814314424991608
56.69159249402582645 200.84724630694836378
56.70044602919369936 199.82728704903274775
53.94654946681112051 199.80342036113142967

[OBSTACLE]
156.22899990621954203 179.00327455159276724
150.95883713476359844 187.27942807227373123
145.96642672270536423 192.25792219582945108
140.71510504279285669 196.19618851318955421
134.67861941363662481 198.61548147723078728
128.37271133996546268 200.39962068758904934
118.70894591510295868 201.03548763878643513
105.72080985549837351 201.33460385724902153
105.73375640995800495 201.80972068104892969
118.86889324896037579 201.42279000300914049
128.47299624793231487 200.77561483345925808
128.50625192001461983 200.88731515966355801
135.29818937741219997 198.80551250185817480
140.94391186162829399 196.51732693519443274
141.02632640581578016 196.62621819227933884
146.23461961746215820 192.54031988698989153
146.31166017428040504 192.61708749830722809
150.96323830261826515 187.88881698343902826
151.07729894109070301 187.96214968431740999
156.64196289796382189 179.27100817486643791

[OBSTACLE]
111.08830523118376732 183.87990631163120270
110.03256265539675951 185.08645911421626806
110.33291906118392944 190.59372512437403202
110.80667293164879084 191.18576325662434101
115.84492445923388004 190.69984462112188339
117.25272707082331181 190.19706804677844048
117.25430034194141626 185.75596009567379951
116.54960900824517012 183.98014378175139427

[OBSTACLE]
98.29990165401250124 171.45000008307397366
98.21081145014613867 177.26862339302897453
100.33231851644814014 177.26999351382255554
100.33231471106410027 177.98000983241945505
98.19976769480854273 177.97998988255858421
98.19973158836364746 183.99998991657048464
100.33228057529777288 184.00000986550003290
100.33227676805108786 184.73001184035092592
98.20300435274839401 184.73042197618633509
98.22873183153569698 190.55032145790755749
100.33224460482597351 190.55001147184520960
100.33224362786859274 190.83004011027514935
101.05224352795630693 190.83002985082566738
101.05233164690434933 174.81002982705831528
100.35223517566919327 174.81003980245441198
100.31965407729148865 171.45000008307397366

[OBSTACLE]
103.62312950100749731 183.95997627358883619
103.54235519934445620 186.05001399386674166
104.93198964372277260 186.04815737996250391
104.98259318806231022 185.04252568352967501
104.64194883871823549 185.04104154463857412
104.59195794165134430 183.96236359607428312

[OBSTACLE]
134.54540012404322624 175.87949898280203342
134.61260022409260273 180.13000991567969322
124.01365996059030294 180.14392300043255091
124.01272913534194231 180.60001004487276077
124.61274960823357105 180.60001004487276077
124.61274960823357105 185.60000994242727757
125.08285004179924726 185.60000994242727757
125.03285020031034946 180.60001004487276077
135.03275966644287109 180.59991301596164703
135.03275966644287109 175.88003085367381573

[OBSTACLE]
69.44939332269132137 175.49401134438812733
68.45522472448647022 175.50597095862030983
68.45750898495316505 175.70346192270517349
67.17075976356863976 175.79297802411019802
67.39428662136197090 179.00592321529984474
67.95840162876993418 178.92784693092107773
68.80934136081486940 182.23957453016191721
69.80932221375405788 182.04855695646256208
68.95843568816781044 178.72035787999629974
69.51247507240623236 178.71395272854715586

[OBSTACLE]
103.45280924718827009 178.36992135271430016
103.49274963885545731 182.18492297548800707
104.50492214411497116 182.09545195754617453
104.51267063524574041 181.18333531916141510
105.18011152185499668 181.13699281588196754
105.09623953606933355 178.38286597561091185

[OBSTACLE]
83.83274964056909084 169.62998998071998358
75.81273955572396517 169.63000997994095087
75.81274955626577139 177.65001006424427032
76.15143254678696394 177.65001006424427032
76.05143267009407282 180.85400001145899296
76.67208416387438774 180.85400001145899296
76.56665407028049231 177.65001003630459309
80.33217540755867958 177.65000011492520571
80.31396940071135759 178.92196133080869913
82.85874954611063004 178.99028205219656229
82.85875952336937189 177.64998991973698139
83.83275964111089706 177.64998991973698139

[OBSTACLE]
121.36266657803207636 175.18002002872526646
121.41284178756177425 180.60002001933753490
122.93272344674915075 180.60002001933753490
122.93387621920555830 180.15902974363416433
121.88256875425577164 180.17363158706575632
121.83266026526689529 175.18002002872526646

[OBSTACLE]
108.99557310622185469 173.32939617522060871
105.90256245993077755 174.44996031560003757
106.37269893102347851 176.00029032956808805
109.62334329262375832 174.82282349374145269

[OBSTACLE]
52.04626778420060873 145.12710518389940262
52.08446945808827877 154.67000004276633263
48.60274955444037914 154.67000004276633263
48.60274955444037914 155.06984271202236414
42.19305830169469118 154.96984437480568886
42.18732046708464622 155.55731628462672234
48.60274955350905657 155.49010534584522247
48.60274955350905657 158.16764138452708721
48.33750437013804913 158.16320736426860094
48.26688692159950733 158.87771261297166348
48.60274955350905657 158.88533555157482624
48.60274955444037914 165.88999992236495018
49.35004955902695656 165.88999992236495018
49.35004955902695656 167.09236004389822483
51.87004960514605045 167.09236004389822483
51.87004960514605045 165.88999992236495018
56.62274966388940811 165.88999992236495018
56.62274966388940811 164.48884158860892057
59.61003754846751690 164.47734189499169588
59.61751451808959246 163.44858408067375422
61.78274955973029137 163.45000656973570585
61.78274955973029137 162.65000000596046448
65.71084963902831078 162.65000000596046448
65.71084963902831078 164.40708998590707779
67.33086596336215734 164.40708998590707779
67.32799695525318384 162.65000000596046448
67.90915689710527658 162.65000000596046448
67.91200611460953951 164.38292009755969048
69.51883160416036844 164.38292009755969048
69.51941352710127831 167.30000001750886440
68.89252703636884689 167.30000001750886440
68.87622646708041430 166.15419329889118671
68.59954015258699656 166.15800558403134346
68.58267419505864382 165.63156491797417402
65.36432468239217997 165.73464526701718569
65.39057486038655043 166.55422515887767076
65.53240159433335066 166.54968141950666904
65.53238980285823345 167.30000001750886440
64.46274955570697784 167.30000001750886440
64.46274955570697784 174.72000008448958397
69.37764383107423782 174.72000008448958397
69.43084620777517557 175.41185185499489307
70.03883945383131504 175.49667442776262760
69.93882786668837070 162.65000000596046448
70.66274956241250038 162.65000000596046448
70.66274956241250038 154.63002704363316298
63.61895933281630278 154.61101622786372900
63.80310074426233768 154.18660348467528820
63.27303553838282824 153.97615578025579453
63.02161417342722416 154.60940402559936047
59.17352098226547241 154.59901822544634342
58.94865301344543695 154.04269317165017128
58.42692261468619108 154.27304082736372948
58.59966969583183527 154.66431420017033815
52.50048213079571724 154.66999072674661875
52.50274933781474829 145.74538088589906693
52.65413014031946659 145.15404475666582584

[OBSTACLE]
131.42284847609698772 173.28001863509416580
121.41199507005512714 173.38012724090367556
121.43758356291800737 173.72367705963551998
121.82117424905300140 173.85003632493317127
134.51291532069444656 173.80005883611738682
134.52853464800864458 174.79976490791887045
135.03275966644287109 174.80002509616315365
135.03275966644287109 173.38029401656240225

[OBSTACLE]
109.50374955125153065 168.95000003650784492
109.50374955125153065 170.51999998278915882
111.72374957613646984 170.51999998278915882
111.72374957613646984 168.95000003650784492

[OBSTACLE]
109.66074958257377148 162.52000004425644875
109.66074958257377148 168.33999993279576302
111.68074965849518776 168.33999993279576302
111.68074965849518776 162.52000004425644875

[OBSTACLE]
116.74512029346078634 148.88270988129079342
114.52551082521677017 148.88273000810295343
114.56006836052983999 167.33362998347729445
145.74560966528952122 167.30261005833745003
145.74559960048645735 165.08261992037296295
143.92559971380978823 165.08263000566512346
143.92559971380978823 166.68262996431440115
117.15794978477060795 166.68271376285701990
117.14903755206614733 166.31184154376387596
121.21040841564536095 166.11654821597039700
120.96929508261382580 161.10228663682937622
116.01300582662224770 161.36775030568242073
116.20802418794482946 166.68271673563867807
115.14558962546288967 166.68272006232291460
115.14553961995989084 150.70270041003823280
116.82295630127191544 150.69939956907182932

[OBSTACLE]
109.66074958257377148 155.61999994702637196
109.66074958257377148 161.63999998010694981
111.68074965849518776 161.63999998010694981
111.68074965849518776 155.61999994702637196

[OBSTACLE]
112.90274967160075903 158.49912289250642061
112.90274967160075903 160.52098770905286074
113.31921618990600109 160.48170144204050303
113.31994313653558493 158.53423661459237337

[OBSTACLE]
97.32190229464322329 158.48102548997849226
96.90275062527507544 158.50045266747474670
96.90275062620639801 160.52075645141303539
97.32062867563217878 160.49025719054043293

[OBSTACLE]
87.72221071273088455 158.48488404601812363
87.30274857673794031 158.50036210846155882
87.30274857766926289 160.52059806976467371
87.72139988001435995 160.49626598786562681

[OBSTACLE]
74.92242223303765059 158.48810548055917025
74.50274969264864922 158.50028594117611647
74.50274969264864922 160.52046737354248762
74.92191716190427542 160.50131361652165651

[OBSTACLE]
117.08671269100159407 156.87898524478077888
116.07663092017173767 157.02094971295446157
116.52195072453469038 160.17955275159329176
117.53641658369451761 160.08385303243994713

[OBSTACLE]
118.19875997956842184 158.94522328488528728
118.20280057378113270 160.02093623112887144
119.21464940253645182 159.92991809640079737
119.22284358367323875 159.00053010042756796

[OBSTACLE]
98.26274953596293926 153.98000001348555088
98.26274953596293926 160.00000004656612873
100.28274961188435555 160.00000004656612873
100.28274961188435555 153.98000001348555088

[OBSTACLE]
141.95794953498989344 106.89618886541575193
139.73346668016165495 106.89620800875127316
139.73694083467125893 118.55677278153598309
146.52547537069767714 125.34674735367298126
146.50370973162353039 146.90615321975201368
132.52553958538919687 146.88265316747128963
132.52554955985397100 148.47999995015561581
131.85274967737495899 148.47999995015561581
131.85274967737495899 156.50000005960464478
134.44575965218245983 156.50000005960464478
134.44575965218245983 157.78004991821944714
135.46575959213078022 157.78004991821944714
135.46575959213078022 156.50000005960464478
137.15589957125484943 156.50000005960464478
137.15589957125484943 158.21568642836064100
137.56575954519212246 158.28179220482707024
137.56575954519212246 156.50000005960464478
143.60517961718142033 156.50000005960464478
143.60517961718142033 157.85337005741894245
146.12512893415987492 157.85337005741894245
146.17280063312500715 148.47999995015561581
134.34554945398122072 148.47999995015561581
134.34553967788815498 147.50266003049910069
147.14554964285343885 147.50261993706226349
147.14547958225011826 125.08846787177026272
140.35797951649874449 118.30100790038704872
140.35794963780790567 108.71619004290550947
141.05276033282279968 108.71618910785764456
141.05273967701941729 116.99999009259045124
141.42740417923778296 116.99999009259045124
141.42473415099084377 118.72003002092242241
141.84474958479404449 118.72003002092242241
141.84474958479404449 116.99999011307954788
145.56956852134317160 116.99999826401472092
145.54515545442700386 117.94800920318812132
146.52098604384809732 117.97315195668488741
146.51032357476651669 118.51156025100499392
147.23017973825335503 118.52580580022186041
147.24443574529141188 117.80594998039305210
146.26955186948180199 117.78664341010153294
146.28016466461122036 117.37451593391597271
147.10266718175262213 117.37469219602644444
147.10275714751332998 117.00000020116567612
147.82474961783736944 117.00000990647822618
147.82474961876869202 118.72002004645764828
148.24474971182644367 118.72002004645764828
148.24474971182644367 117.00001004151999950
149.07274083979427814 117.00001004151999950
149.07174836285412312 108.89006720576435328
141.95796102564781904 108.96993747167289257

[OBSTACLE]
146.74574957042932510 156.26058930810540915
146.74574957042932510 158.28003991395235062
147.16558946203440428 158.28003991395235062
147.20025273039937019 156.26062062103301287

[OBSTACLE]
159.96575964707881212 156.26001958549022675
159.54575955215841532 156.26004053186625242
159.54576962720602751 158.28002993948757648
159.96576972119510174 158.28002993948757648

[OBSTACLE]
125.92569602746516466 146.90478411689400673
125.35296322032809258 147.14195687416940928
127.18680521845817566 151.81216444820165634
129.25740379840135574 153.90155874658375978
129.65662450157105923 153.52392109669744968
128.15337888617068529 152.06151141878217459
127.41200422309339046 150.77552408166229725

[OBSTACLE]
173.78774967417120934 142.90653276816010475
173.22811663709580898 142.98339535482227802
173.21796228270977736 143.47926199156790972
169.60274957865476608 143.48000209871679544
169.60274957865476608 147.05999994091689587
169.12260736711323261 147.05999994091689587
169.18366998992860317 147.62348463293164968
169.60274957772344351 147.62984922900795937
169.60274957772344351 151.50017638411372900
170.74575967900454998 151.48018638417124748
170.74575967900454998 153.48001004196703434
171.16574960201978683 153.48001004196703434
171.16574960201978683 151.48003068659454584
180.82280757650732994 151.50002080667763948
180.81850987300276756 150.75437450874596834
181.46578789036720991 150.78051534108817577
181.50695541314780712 149.76134409662336111
180.81263462360948324 149.73383622616529465
180.80969722662121058 149.22100732568651438
182.19670972414314747 149.22338721342384815
182.19669966958463192 146.70335907023400068
180.79521218594163656 146.70488913636654615
180.79153608903288841 146.06588223390281200
181.17813134845346212 146.05702274851500988
181.14510522969067097 145.68365878891199827
181.91283123008906841 145.67722504120320082
181.89602699037641287 144.69795099925249815
182.00670962594449520 144.69950103294104338
182.00670962501317263 143.97948261909186840
180.77943292818963528 143.96435183007270098
180.77663213014602661 143.47771797236055136
173.78774967417120934 143.47914802469313145

[OBSTACLE]
179.27434059232473373 151.93287285137921572
179.24547007679939270 152.98000009730458260
180.26487276703119278 152.98000009730458260
180.35779788251966238 151.96872606594115496

[OBSTACLE]
88.34274866245687008 140.25999251287430525
88.34274964407086372 146.08000000007450581
90.36258741002529860 146.08000000007450581
90.45780440233647823 140.26155758369714022

[OBSTACLE]
75.80929247941821814 137.87979243043810129
75.10274953953921795 138.48540060874074697
75.10274953953921795 144.59333339799195528
75.40774956252425909 144.99999996274709702
82.21774958353489637 144.99999996274709702
82.52282077260315418 144.59323851019144058
82.42268223874270916 139.88673078082501888
81.21813136804848909 138.18028350174427032

[OBSTACLE]
32.93020596448332071 138.74708305485546589
31.91793360561132431 138.84233675710856915
32.14396759774535894 141.09175743348896503
30.92505445517599583 141.31445804052054882
31.72425555624067783 144.45148625597357750
32.66736125573515892 144.24498423747718334
32.10625180415809155 142.04900954384356737
33.25116568990051746 141.94127313420176506

[OBSTACLE]
25.00509245879948139 142.39529938902705908
21.90233390871435404 143.22668577730655670
22.16509681846946478 144.21210065390914679
25.26784520503133535 143.38071429915726185

[OBSTACLE]
188.17000629007816315 142.28407630510628223
187.45071753673255444 142.31666285265237093
187.48331674747169018 143.03646221291273832
188.19890100229531527 142.96619775518774986

[OBSTACLE]
124.70490151271224022 139.74426692072302103
124.48030654713511467 142.95642811805009842
125.49781775008887053 143.02757318876683712
125.72241271566599607 139.81541179306805134

[OBSTACLE]
128.54541956912726164 114.88267206773161888
114.52541962452232838 114.88271202240139246
114.52547973301261663 133.30272005684673786
116.74547952972352505 133.30270999204367399
116.74547952879220247 131.48270984645932913
115.14549047127366066 131.48272001557052135
115.16284888423979282 115.58392488863319159
118.88274953514337540 115.50292004272341728
118.88274953514337540 116.20499999634921551
118.66174962185323238 116.20499999634921551
118.66174962185323238 117.06456935312598944
118.88274953514337540 117.07429934665560722
118.88274953514337540 118.34832539316266775
118.71284500788897276 118.32191309612244368
118.71820711344480515 122.62675131112337112
117.28171971905976534 122.62838124297559261
117.28169961087405682 125.14836987946182489
118.72135206777602434 125.14837985299527645
118.72276198863983154 126.27999996766448021
126.74278683029115200 126.27999996766448021
126.70278687961399555 115.50267996266484261
127.92542956955730915 115.50267996266484261
127.92550949752330780 141.08268008008599281
126.32551971636712551 141.08268008008599281
126.32551971636712551 142.90268001146614552
128.54551958106458187 142.90268001146614552

[OBSTACLE]
161.54370415955781937 138.21269156690686941
158.60376490466296673 138.34653842914849520
158.63631655275821686 138.96590927522629499
160.84903291333466768 138.81472827773541212
162.29023671336472034 139.10460056085139513
166.07385237421840429 140.45699146855622530
167.35845811478793621 141.20959725882858038
167.71960423607379198 140.81064741127192974
166.96934420522302389 140.13148069940507412

[OBSTACLE]
89.74039448145776987 133.37234582751989365
87.73545139655470848 133.61852315999567509
88.46910486463457346 139.59365409240126610
90.47404775302857161 139.34747675992548466

[OBSTACLE]
134.45875636953860521 137.78000004030764103
134.45768300164490938 139.34979089349508286
136.64481612015515566 139.39597896952182055
136.67896310053765774 137.78000004030764103

[OBSTACLE]
143.98685225937515497 129.72958041355013847
138.98057581577450037 130.19015767890959978
137.57274966500699520 130.69295288808643818
137.57274966500699520 135.20197825785726309
138.27600237168371677 136.90987794287502766
143.73721414245665073 137.01008353941142559
144.79295650031417608 135.80352092720568180
144.49254378769546747 130.29595485329627991

[OBSTACLE]
180.07274617440998554 126.69306687824428082
179.52011980861425400 127.54066500253975391
178.11114975064992905 135.16628562565892935
178.29456652980297804 136.00553174689412117
178.80091302189975977 135.88960891123861074
178.83975423127412796 134.47634423803538084
179.98239116556942463 128.37400949280709028
180.57529321685433388 127.00918792467564344

[OBSTACLE]
120.10841148067265749 131.02481880877166986
119.95222321432083845 132.03247552085667849
123.07887695450335741 132.61792689654976130
123.52464875485748053 135.78956445772200823
124.53472404554486275 135.64760090038180351
124.01691139582544565 131.56659774668514729
123.26041237544268370 131.58065364137291908

[OBSTACLE]
17.10867322608828545 128.17999994754791260
16.74831799417734146 128.53234409820288420
16.70271856058388948 135.29456595424562693
17.08758885692805052 135.62519871722906828
21.81604203674942255 135.49991621635854244
23.52246603835374117 134.29538177605718374
23.82295710965991020 128.88654288742691278
23.21734893228858709 128.17999994754791260

[OBSTACLE]
82.13599748816341162 128.49270424246788025
77.24189531989395618 129.66324541345238686
74.19946457538753748 131.86390613764524460
72.63465293683111668 134.35539639927446842
73.13016693945974112 134.72509555239230394
74.28713085502386093 132.76585110556334257
76.98116387799382210 130.53775714058429003
78.35231247637420893 130.01044219359755516
82.27662697248160839 129.09660150762647390

[OBSTACLE]
48.92274957522749901 115.38997712545096874
46.75030089914798737 115.39277208968997002
46.70236310269683599 116.20625340938568115
47.80274956207722425 116.70643901452422142
47.80281553789973259 132.80696434061974287
44.59577343240380287 132.70036669261753559
44.11953589785844088 131.59045528154820204
43.34131070785224438 131.53536988608539104
43.30257790349423885 133.80999997258186340
48.92274957522749901 133.80999997258186340

[OBSTACLE]
29.37188998889178038 107.14383316040039062
28.85294560715556145 107.14400324225425720
28.84080183319747448 107.75709120836108923
28.95274963043630123 107.75833552051335573
28.95274963043630123 110.43883979599922895
27.34950952790677547 110.31648699846118689
27.22036554478108883 112.00868007540702820
26.24868633691221476 111.91421999689191580
26.20260133128613234 112.93187295831739902
26.42977016326040030 112.95449561253190041
26.36016414500772953 114.11390480399131775
26.14504966605454683 114.19611639901995659
26.14504966698586941 115.01307716686278582
26.99159104097634554 115.00657329987734556
26.73923761583864689 118.31323007680475712
33.90283250063657761 118.85992766916751862
33.91704551875591278 124.58733061701059341
33.78794323373585939 124.59086352214217186
33.77384395338594913 125.17132297437638044
31.46323390770703554 131.27327544335275888
32.02541538048535585 131.47499670833349228
34.18332808744162321 125.18992988206446171
34.42291229590773582 125.19393114093691111
34.32292228937149048 118.89198542200028896
34.73597972281277180 118.92351203039288521
35.07643935456871986 114.46231749001890421
35.39689751528203487 114.46508711390197277
35.38860572688281536 113.89515648968517780
35.11980864778161049 113.89407634548842907
35.34626158978790045 110.92676494549959898
31.28222526330500841 110.61661524791270494
31.28580974414944649 110.01900005526840687
30.51984324306249619 110.01900005526840687
30.52280467096716166 109.47999992780387402
29.36706427764147520 109.47999992780387402
29.37213979382067919 107.76299428660422564
29.47456269431859255 107.76413189712911844

[OBSTACLE]
86.69039207417517900 124.77152260113507509
84.82017928641289473 125.53487053886055946
87.09510611183941364 131.10847751609981060
88.96532007772475481 130.34512958116829395

[OBSTACLE]
59.28182440064847469 124.82542677875608206
57.30343632772564888 125.23332539666444063
58.47868130728602409 130.93341514188796282
60.45781670324504375 130.52918293233960867

[OBSTACLE]
52.70446249376982450 127.43270034343004227
51.70339005533605814 127.60732721351087093
52.25670672580599785 130.77942976448684931
53.25778920389711857 130.60480271838605404

[OBSTACLE]
187.16392835602164268 128.87277562171220779
186.50402461644262075 128.90838063415139914
186.56530285254120827 129.62328146584331989
187.46579510159790516 129.62020603194832802
187.47332235425710678 130.02827212121337652
188.18988390732556581 130.06942346505820751
188.19912186171859503 129.29605953674763441
187.20435187872499228 129.31363649666309357

[OBSTACLE]
169.30274955742061138 128.22999998368322849
169.30274955648928881 129.25089806970208883
170.31531613692641258 129.16370214149355888
170.32283049542456865 128.22999998368322849

[OBSTACLE]
188.19864874891936779 128.14710977207869291
187.47807961609214544 128.15291582234203815
187.52568409498780966 128.87015173025429249
188.20445025432854891 128.86712514143437147

[OBSTACLE]
28.53986106719821692 121.99088046886026859
27.67484003584831953 122.53138849604874849
29.38115814235061407 125.26211963035166264
30.24616929423063993 124.72161134425550699

[OBSTACLE]
84.22253882605582476 118.67441095504909754
82.35365795530378819 119.44122476968914270
84.60782705340534449 124.81261706165969372
86.40505842957645655 123.99972530547529459

[OBSTACLE]
58.95660657156258821 118.35924816131591797
56.93876790441572666 118.45266314502805471
57.20791280735284090 124.26644182205200195
59.22575127799063921 124.17302683833986521

[OBSTACLE]
109.61274971999228001 117.21999996714293957
109.61274971999228001 123.24000000022351742
111.63274960033595562 123.24000000022351742
111.63274960033595562 117.21999996714293957

[OBSTACLE]
49.99304752331227064 119.03841105755418539
49.76150915678590536 120.82688046433031559
51.54722173418849707 121.01704906579107046
51.77877018693834543 119.22857946157455444

[OBSTACLE]
103.53906983602792025 115.11641762871295214
98.79229630716145039 116.78677267581224442
95.08464627992361784 120.05568893998861313
95.49584607500582933 120.51974649541079998
98.64624853804707527 117.72815743088722229
99.72658585570752621 117.02086861152201891
101.84256914816796780 116.44921902474015951
103.74125860910862684 115.70214638020843267

[OBSTACLE]
159.44473961647599936 108.69777370896190405
159.04065666627138853 108.77984415739774704
159.02466693893074989 110.72000898420810699
159.13744069356471300 110.72000898420810699
159.23704549297690392 114.21255254931747913
159.00311416201293468 114.43232194241136312
163.88715917244553566 119.19024004787206650
163.79972886573523283 119.42999990656971931
167.82174942921847105 119.42999990656971931
167.88654402643442154 118.81629746593534946
164.41791587229818106 118.91237854678183794
159.81496208067983389 114.52375130634754896
159.88983135856688023 114.44887913297861814
159.66636041086167097 114.37222616095095873
159.75739020295441151 110.74513481371104717
159.44473961647599936 110.70131286047399044

[OBSTACLE]
81.71253521647304296 112.54441446159034967
79.84373217727988958 113.31119337771087885
82.05296398885548115 118.69558749906718731
83.92176702059805393 117.92880562134087086

[OBSTACLE]
136.76939170807600021 114.51421859860420227
133.57213410735130310 114.89617577660828829
133.70402314607053995 116.00028119608759880
131.24863654747605324 116.51303527969866991
131.45719591621309519 117.51173701230436563
134.58505000919103622 116.77776597160845995
134.39506433904170990 115.82641641423106194
136.89119858480989933 115.53290146589279175

[OBSTACLE]
109.61274971999228001 110.51999903656542301
109.61274971999228001 116.33999990299344063
111.63274960033595562 116.33999990299344063
111.63274960033595562 110.51999903656542301

[OBSTACLE]
21.34576315246522427 97.38359843473881483
18.12496479321271181 97.38560939021408558
18.13595842849463224 98.55047447886317968
17.30085160117596388 98.45452326815575361
17.30643012933433056 99.26000194344669580
16.54146924801170826 99.26000003702938557
16.55472676549106836 98.36787257902324200
15.88174964673817158 98.35592274367809296
15.88174964673817158 98.21699995920062065
14.86174970678985119 98.21699995920062065
14.86174970585852861 98.58538417238742113
13.53553256019949913 98.65486476756632328
13.52603558078408241 98.51282815914601088
12.70785067137330770 98.56091513670980930
12.72608535643666983 99.25999394990503788
12.29627316258847713 99.25999394990503788
12.29768739920109510 99.10796414967626333
11.59935432020574808 99.06453296542167664
11.57187460456043482 99.77204308286309242
11.43213263154029846 99.77425350621342659
11.44351970776915550 100.49420695938169956
11.93274969048798084 100.48431728687137365
11.93274969048798084 101.11749222874641418
11.21268955804407597 101.10792730469256639
11.21268955804407597 101.92803527135401964
11.40212623123079538 101.92852356471121311
11.38541599363088608 103.08401842601597309
11.57711435295641422 103.08679056167602539
11.57709944434463978 104.13306672126054764
11.93274969048798084 104.13368396367877722
11.93274968955665827 106.15030925720930099
11.42820976953953505 106.14976814016699791
11.44235721416771412 107.16956054605543613
11.57633101381361485 107.16970347054302692
11.51673278678208590 107.92553590331226587
11.93274969048798084 107.92198184132575989
11.93274969048798084 108.87977424729615450
11.61500863544642925 108.88163345679640770
11.59800612088292837 109.93605185952037573
10.97271972056478262 109.94972322974354029
10.97270946484059095 110.66951891407370567
11.59101648442447186 110.66884895414113998
11.58723942842334509 111.12550240568816662
11.93274958897382021 111.13723901100456715
11.93273981940001249 112.07090474944561720
11.20789966359734535 112.07087971549481153
11.20789966359734535 113.09088097885251045
11.74585979338735342 113.09088097885251045
11.68332307320088148 114.24600492697209120
12.53595473058521748 114.27563312370330095
12.54334334470331669 113.92352294921875000
13.64841468073427677 113.87222137209028006
13.64764588791877031 113.57999608665704727
15.86016957461833954 113.57999996282160282
15.86016957461833954 115.05149991251528263
17.48016955703496933 115.05149991251528263
17.48016955703496933 114.84137490391731262
19.09940969571471214 114.84137490391731262
19.09940969478338957 113.58000508882105350
19.95273962896317244 113.58000704459846020
19.95273962896317244 113.01708421390503645
21.16551079414784908 113.34204353112727404
21.58483083173632622 111.77711672149598598
19.95273965317755938 111.36242802254855633
19.95274957455694675 108.17073390819132328
21.24788514617830515 108.17073390819132328
21.31971200369298458 106.55392850190401077
19.95274960342794657 106.54862267896533012
19.95274960435926914 106.10001682396978140
21.21670967340469360 106.10290492232888937
21.21670967340469360 105.55000000633299351
21.91474970802664757 105.55000000633299351
21.91474970802664757 104.98000000044703484
21.21670967340469360 104.98000000044703484
21.21670967340469360 104.55199984833598137
23.40771289076656103 104.55199984833598137
23.42161604948341846 100.78147902525961399
23.23949482478201389 100.77912201639264822
23.21290695853531361 100.17458090279251337
22.47991292085498571 100.16138060577213764
22.38795749470591545 97.76967507135123014
21.38815714325755835 97.80953857675194740

[OBSTACLE]
171.96788043901324272 95.17530385684221983
171.24972516205161810 95.21275026164948940
171.24226108565926552 95.77354231476783752
170.75247373897582293 95.77599941845983267
170.80639054253697395 95.23623469937592745
170.08526183478534222 95.25064790993928909
170.09919278975576162 95.94756048638373613
169.67509571462869644 95.84578099567443132
169.67433231417089701 96.44999789260327816
168.66270993277430534 96.44999691564589739
168.66888002119958401 98.01000008732080460
167.94299426116049290 98.01000008732080460
167.90249897167086601 99.64513283222913742
168.09953122492879629 99.64511527493596077
168.25247595924884081 101.14236421510577202
167.21274968981742859 101.13997902907431126
167.21274968981742859 103.65999931190162897
168.69125905632972717 103.66040319111198187
168.69550894666463137 104.73564223758876324
168.16317091416567564 104.72027835063636303
168.15144145302474499 105.17612885404378176
167.34137461055070162 105.11392841953784227
167.31180794164538383 105.49899995699524879
165.04274952970445156 105.49899995699524879
165.04274952970445156 109.31940681859850883
165.20959056448191404 109.31275149621069431
165.20771219860762358 109.81499896477907896
165.77773024886846542 109.81500099133700132
165.77875094581395388 109.29004977270960808
167.52474957890808582 109.22040787152945995
167.52474957890808582 110.22000099532306194
168.71721447724848986 110.22000099532306194
168.71930897235870361 110.74919288046658039
170.59935780428349972 110.75411244109272957
170.61293268669396639 111.46691502071917057
171.32633235026150942 111.52881211973726749
171.31908412743359804 110.75599552784115076
172.08609937783330679 110.75800243299454451
172.07525583915412426 111.59411921352148056
172.74375083856284618 111.62901083007454872
172.74374950677156448 111.76300004124641418
173.76374954730272293 111.76300004124641418
173.76374954730272293 111.33655392564833164
175.09171651583164930 111.33655392564833164
175.09938272275030613 111.46717659663408995
175.91771311871707439 111.41908106859773397
175.89639321435242891 110.76797099784016609
176.32835126761347055 110.76910167373716831
176.32785163540393114 110.87256298027932644
177.04778799042105675 110.87838537339121103
177.05391016416251659 110.20795239787548780
177.19336642324924469 110.20574649143964052
177.18197951931506395 109.48579123243689537
176.68273969925940037 109.49597306922078133
176.68273969925940037 108.86210052575916052
177.41280969604849815 108.87207655515521765
177.41280969604849815 108.05197618715465069
177.22337600309401751 108.05127014126628637
177.24008325953036547 106.89598156139254570
176.68273969832807779 106.88792246486991644
176.68273969832807779 103.82967979181557894
177.19728948269039392 103.83023186307400465
177.18314203806221485 102.81043945252895355
177.04899656120687723 102.81029634363949299
177.09643407538533211 102.05489492788910866
176.68273969832807779 102.05911160446703434
176.68273969832807779 100.47045909892767668
177.01309876050800085 100.47016396373510361
177.01269881241023540 100.03043391555547714
177.65277952980250120 100.03049395699054003
177.65278978925198317 99.31043276749551296
176.99182041641324759 99.31433143559843302
177.07478158921003342 98.50965689867734909
177.53274970036000013 98.51000874489545822
177.53274970129132271 97.49000092409551144
176.68274967372417450 97.49000092409551144
176.68274967372417450 96.73106939811259508
176.89743981137871742 96.73340491764247417
176.94905072730034590 95.73655504919588566
176.08954511675983667 95.70433917269110680
176.08164145238697529 96.08097148034721613
174.97741485200822353 96.13596731983125210
174.97790401615202427 96.45000102370977402
172.52469153609126806 96.44999908469617367
172.50866830535233021 95.88172656204551458
171.98224286735057831 95.82784617785364389

[OBSTACLE]
125.75077205430716276 103.92088820040225983
123.48621118906885386 106.19673743098974228
121.50788401253521442 108.94757904019206762
122.28424161858856678 109.60580393299460411
124.23477566614747047 106.97722082957625389
126.47188156843185425 104.64200908411294222

[OBSTACLE]
66.34126773197203875 100.37417278904467821
64.39072357863187790 103.00277917552739382
62.15361767914146185 105.33799131400883198
62.87470676936209202 106.05909037683159113
65.14845268987119198 103.78716649580746889
67.11762055475264788 101.03242260217666626

[OBSTACLE]
93.80274955928325653 104.48000003024935722
93.80274955928325653 105.49999997019767761
94.82274969480931759 105.49999997019767761
94.82274969480931759 104.48000003024935722

[OBSTACLE]
166.23774966970086098 104.33499986305832863
166.23774966970086098 104.90589063521474600
166.80368717387318611 104.85755085758864880
166.80782925523817539 104.33500006608664989

[OBSTACLE]
51.05573955737054348 51.69825786165893078
51.05573955737054348 53.47999994084239006
42.45274960808455944 53.47999994084239006
42.45274960808455944 61.50000005029141903
54.28020962327718735 61.50000005029141903
54.28020962327718735 62.47709993924945593
41.48020959459245205 62.47707001771777868
41.48013953492045403 84.89122207555919886
48.26759970095008612 91.67872214131057262
48.26756962575018406 101.26353685464709997
47.62113536801189184 101.26353282388299704
47.57270125299692154 92.98000990785658360
46.99274970591068268 92.98000990785658360
46.99274970591068268 91.21999995224177837
46.57274961285293102 91.21999995224177837
46.57274961192160845 92.98000988457351923
43.06055092811584473 92.98000182211399078
43.08496373239904642 92.03199079632759094
42.10914311464875937 92.00684829242527485
42.11980558931827545 91.46843974851071835
41.39994962234050035 91.45419419929385185
41.38569361530244350 92.17405001912266016
42.36056747287511826 92.19335639476776123
42.34995455853641033 92.60548406187444925
41.52745200879871845 92.60530780255794525
41.52736204210668802 92.97999982722103596
40.59274957794696093 92.97999006230384111
40.59274957887828350 91.21999995224177837
40.17274968139827251 91.21999995224177837
40.17274968139827251 92.97998995892703533
39.55275966320186853 92.97998995892703533
39.55273966304957867 100.99999676086008549
46.66757115814834833 100.99454125761985779
46.66755958180874586 103.08352708723396063
48.89205246884375811 103.08352294377982616
48.88863843027502298 91.42295737657696009
42.10014385450631380 84.63294277153909206
42.12233928591012955 63.07317705266177654
56.10020949132740498 63.09712712932378054
56.10021946672350168 61.50000005029141903
56.77274957671761513 61.50000005029141903
56.77274957671761513 53.47999994084239006
54.16756819654256105 53.47999994084239006
54.17580419685691595 52.19999995455145836
53.15573970600962639 52.19999995455145836
53.15573970600962639 53.47999994084239006
51.46258730161935091 53.47999994084239006
51.46561457030475140 51.76436606422066689

[OBSTACLE]
156.60047462396323681 78.49589427001774311
154.44381080940365791 84.78297568857669830
154.20258955657482147 84.77779973112046719
154.30258054006844759 91.21190489921718836
153.96950965095311403 91.18648804910480976
153.63934263773262501 95.51276452001184225
153.11050299182534218 95.47029593773186207
153.15171298477798700 96.08211934100836515
153.59603416640311480 96.08039293251931667
153.35923775844275951 99.18323597311973572
157.33404286019504070 99.48657465819269419
157.33987177722156048 99.96099994517862797
158.10081492643803358 99.96099994517862797
158.10278618242591619 100.50000007264316082
159.25701141078025103 100.50000007264316082
159.25321213249117136 102.21681542973965406
159.15117748454213142 102.21476541925221682
159.24065996799618006 102.83793475851416588
159.77242445945739746 102.83494575787335634
159.79262092802673578 102.22765666618943214
159.67274962272495031 102.22524694353342056
159.67274962272495031 99.66505419928580523
161.35598967038094997 99.79351196251809597
161.65644410625100136 95.85637881234288216
162.54929055552929640 95.94272508285939693
162.64747403841465712 94.92747718002647161
162.42086625751107931 94.90514572896063328
162.43873638845980167 93.66364703141152859
162.65344963781535625 93.66401731222867966
162.65344963781535625 92.84403296280652285
161.88652907591313124 92.84150557033717632
161.96626154705882072 91.79675986990332603
154.72245998308062553 91.24395402055233717
154.72274948190897703 85.38963461481034756
156.88307981658726931 79.23644061200320721
157.00814397260546684 79.27619945164769888
157.18226172868162394 78.70930572599172592

[OBSTACLE]
20.80274960771203041 90.55000009387731552
20.80274960771203041 91.17028394155204296
24.37915358506143093 91.07011590432375669
28.95932961814105511 95.60487524699419737
28.97276998497545719 101.23855643067508936
29.38264850992709398 101.30297338869422674
29.48873736988753080 98.61632623057812452
29.37917973101139069 98.61498770397156477
29.38784650620073080 95.76802535727620125
29.62238476052880287 95.54767792671918869
24.73834008071571589 90.78975995071232319
24.82577038742601871 90.55000009387731552

[OBSTACLE]
77.07274955511093140 93.64000009745359421
77.07274955511093140 99.46037076506763697
79.09011527057737112 99.38709846790879965
79.09275422524660826 93.64000009745359421

[OBSTACLE]
106.95253518875688314 92.21441242750734091
105.08373215515166521 92.98119450267404318
107.29296395741403103 98.36558644101023674
109.16176699940115213 97.59880851022899151

[OBSTACLE]
57.16835429333150387 92.46850699838250875
54.01638785470277071 93.12671679072082043
54.22771257907152176 94.16045849490910769
51.73812454752624035 94.47670020256191492
51.85614065174013376 95.46608313638716936
55.05556549970060587 94.98648894950747490
54.93473876733332872 94.08962848503142595
57.37677478138357401 93.46654368471354246

[OBSTACLE]
60.08019955828785896 67.07711986545473337
60.08013966865837574 95.09712388273328543
74.10013961046934128 95.09716795105487108
74.10018973238766193 76.67715994827449322
71.88018973637372255 76.67714988347142935
71.88017965015023947 78.49714999273419380
73.48016986437141895 78.49715996626764536
73.46454915590584278 94.40360463038086891
69.73593587800860405 94.47695366386324167
69.70385138876736164 91.61646004486829042
69.91402630321681499 91.64904226455837488
69.90846347436308861 87.73242829833179712
71.23162621166557074 87.69737868383526802
71.23275309149175882 84.51999999955296516
69.90390540566295385 84.51999999955296516
69.90273545961827040 83.70000003278255463
61.88271242287009954 83.70000003278255463
61.92271237354725599 94.47711996175348759
60.70013956166803837 94.47711996175348759
60.70019955653697252 68.89713001437485218
62.30019950773566961 68.89713001437485218
62.30020959209650755 67.07713012862950563

[OBSTACLE]
93.12965317815542221 89.46025350410491228
89.97925602737814188 92.25183785893023014
88.89784344937652349 92.95765204075723886
86.78291868045926094 93.53102243039757013
84.88424030505120754 94.27785263489931822
85.08642941713333130 94.86358237080276012
89.83320294599980116 93.19322732370346785
93.54085297323763371 89.92431105952709913

[OBSTACLE]
145.32290841825306416 76.16999003384262323
139.70273968763649464 76.17000004556030035
139.70276964362710714 94.59001158550381660
141.87764701247215271 94.58749901130795479
141.92312583886086941 93.77372736390680075
140.82276953291147947 93.27356090676039457
140.82267549261450768 77.17276377417147160
144.02986260131001472 77.27993219252675772
144.50596653576940298 78.38954220432788134
145.28485189471393824 78.44374770205467939

[OBSTACLE]
77.07274955511093140 86.74000000022351742
77.07274955511093140 92.75991593394428492
79.09260936267673969 92.77697474043816328
79.09274986386299133 86.74000000022351742

[OBSTACLE]
104.44253525324165821 86.08441246300935745
102.57372908387333155 86.85119433049112558
104.78296403121203184 92.23558746278285980
106.65176705829799175 91.46880558785051107

[OBSTACLE]
131.49709642399102449 85.72616824693977833
129.47925795242190361 85.81958323065191507
129.74840285815298557 91.63335173856467009
131.76624132972210646 91.53993675485253334

[OBSTACLE]
137.07827751897275448 88.96295093372464180
136.84672906622290611 90.75142053794115782
138.63245172984898090 90.94158894196152687
138.86399009637534618 89.15311953518539667

[OBSTACLE]
159.24435113556683064 84.71788039989769459
158.37932993099093437 85.25838860962539911
160.08563818596303463 87.98911953065544367
160.95065919496119022 87.44861151743680239

[OBSTACLE]
101.96710735466331244 79.77925542369484901
100.04021833930164576 80.56485028658062220
102.29054141882807016 86.14837487228214741
104.16703361924737692 85.38230916392058134

[OBSTACLE]
130.22732929326593876 79.04658562596887350
128.24892632756382227 79.45449531264603138
129.42410895042121410 85.15422426629811525
131.41524691227823496 84.82282915338873863

[OBSTACLE]
10.33159263432025909 73.97430841624736786
9.82525997143238783 74.09022016823291779
9.78574545774608850 75.50365339312702417
8.64306819438934326 81.60599051415920258
8.05017597414553165 82.97081207204610109
8.55270287580788136 83.28692310489714146
9.10533929057419300 82.43933544214814901
10.51500947587192059 74.81355482153594494

[OBSTACLE]
136.36879254505038261 79.20057033374905586
135.36771006882190704 79.37518700491636992
135.92102674674242735 82.54729964490979910
136.92210920061916113 82.37267280183732510

[OBSTACLE]
1.09981515631079674 81.10984826739877462
0.42104899883270264 81.11287485715001822
0.42685050424188375 81.83289022743701935
1.14741963706910610 81.82708417717367411

[OBSTACLE]
171.51598802767693996 74.37992881890386343
166.80948049481958151 74.48006735276430845
165.10303321480751038 75.68461822345852852
164.80254214350134134 81.09345711208879948
165.40815032180398703 81.80000005289912224
171.51682602800428867 81.80000005289912224
171.87718125898391008 81.44765590131282806
171.92278344929218292 74.68502533622086048

[OBSTACLE]
18.30274956114590168 80.73000007681548595
18.30274956114590168 81.75000001676380634
19.32274969667196274 81.75000001676380634
19.32274969667196274 80.73000007681548595

[OBSTACLE]
115.47904986422508955 75.27482268679887056
114.34581268392503262 77.22271446883678436
111.70860812999308109 79.43813542369753122
110.27323832642287016 79.96951336134225130
106.34887232910841703 80.88338856119662523
106.48950174171477556 81.48729582782834768
111.38359401561319828 80.31672444008290768
114.42601457051932812 78.11604394949972630
115.99102794472128153 75.62420632597059011

[OBSTACLE]
0.43561534490436316 79.91057653352618217
0.42637739144265652 80.68394046183675528
1.42114725895226002 80.66636350378394127
1.46157089900225401 81.10722437780350447
2.12147443834692240 81.07161936536431313
2.06019640248268843 80.35671853274106979
1.15970415063202381 80.35979396477341652
1.15217689797282219 79.95172787737101316

[OBSTACLE]
44.88830508850514889 72.96989628300070763
43.83256272971630096 74.17645909171551466
44.13293529395014048 79.68402516748756170
44.63862702064216137 80.25039961002767086
49.64490342885255814 79.78985230717808008
51.05272959265857935 79.28706732112914324
51.05275957565754652 74.77804177347570658
50.34952689614146948 73.07014225050806999

[OBSTACLE]
65.10103049408644438 74.19025558792054653
64.09096520859748125 74.33221916854381561
64.60857971943914890 78.41186527069658041
65.35675835795700550 78.39774658903479576
68.51703124307096004 78.95498461462557316
68.69413627311587334 77.95058006606996059
65.54678211919963360 77.36190165765583515

[OBSTACLE]
100.27839441318064928 71.37934592645615339
98.27345054596662521 71.62552325613796711
99.00710479822009802 77.60065418854355812
101.01204886287450790 77.35447685793042183

[OBSTACLE]
51.95874956250190735 70.63000001385807991
51.95874956250190735 72.19999996013939381
54.17875429801642895 72.19999996013939381
54.17801498342305422 70.63000001385807991

[OBSTACLE]
106.40782767627388239 64.95025720912963152
106.10270242765545845 65.38691845815628767
106.20280682202428579 70.09324921853840351
107.40734788589179516 71.79969631507992744
112.81618679314851761 72.10022754594683647
113.52272954024374485 71.49461936485022306
113.52276968769729137 65.38624739367514849
113.18806363642215729 65.00579694006592035

[OBSTACLE]
21.26705114636570215 68.77036280650645494
20.90590498968958855 69.16931249294430017
21.65616499260067940 69.84847917873412371
27.08180502057075500 71.76731840707361698
30.02173593547195196 71.63347303308546543
29.99092947412282228 71.01397321932017803
27.77464686986058950 71.17316637840121984
26.33530857134610415 70.87541872821748257
22.55165691301226616 69.52297863643616438

[OBSTACLE]
156.96082582790404558 65.53215831704437733
155.95809635613113642 65.73485279362648726
156.51924744807183743 67.93099045380949974
155.37433356326073408 68.03872686531394720
155.69529328867793083 71.23291694466024637
156.70756564754992723 71.13766324240714312
156.48467499297112226 68.91952410899102688
157.67410284467041492 68.56507033389061689

[OBSTACLE]
98.26273190509527922 64.89999994076788425
98.27298431284725666 70.71997997630387545
100.28000386431813240 70.72000012546777725
100.28275433927774429 64.89999994076788425

[OBSTACLE]
63.12791156861931086 66.95224688388407230
62.90329632814973593 70.16439810022711754
63.92080772668123245 70.23554316908121109
64.14542276877909899 67.02339195460081100

[OBSTACLE]
1.14218261651694775 66.94354023132473230
0.42656790371984243 67.01364009734243155
0.45549331326037645 67.69592367857694626
1.17478171642869711 67.66333714686334133

[OBSTACLE]
17.87131060287356377 56.45691048353910446
17.45574969518929720 56.50100487563759089
17.45574969518929720 58.49997924733906984
7.80276954919099808 58.47995932307094336
7.80276954919099808 59.70705783553421497
7.20367137249559164 59.68285451550036669
7.16250411048531532 60.70202968362718821
7.35992140322923660 60.70997732505202293
7.24399122502654791 61.24590165354311466
6.62638893630355597 61.24603220634162426
6.66489780414849520 62.22597487177699804
6.53274969942867756 62.22382617741823196
6.53274969849735498 62.94384334981441498
6.69434718787670135 62.94606755394488573
6.74201623536646366 64.27072788868099451
7.28164700418710709 64.25050852634012699
7.27449013292789459 64.05943584907799959
7.80272965133190155 64.04581120796501637
7.80272965133190155 65.08504518959671259
7.34491887874901295 65.06819770019501448
7.32097254414111376 65.78783202264457941
7.80272965133190155 65.80385289248079062
7.80272965133190155 66.49997994117438793
14.83774957992136478 66.50002003461122513
14.83774957992136478 67.07647526357322931
15.39728209283202887 66.99923897068947554
15.40754609741270542 66.50002014543861151
19.02272947691380978 66.50004009529948235
19.02274962142109871 62.75499992072582245
19.50293835718184710 62.75499992072582245
19.43957375548779964 62.19202601723372936
19.02274972759187222 62.18516320455819368
19.02276967559009790 58.48035257589071989
17.86756787076592445 58.44365318585187197

[OBSTACLE]
118.58666236046701670 34.48332593031227589
118.68353361450135708 47.29001001827418804
118.06274956837296486 47.29001001827418804
118.06274956744164228 55.30993779376149178
125.00565676111727953 55.35323195159435272
124.82254300080239773 55.79345388058573008
125.35246371477842331 56.00384421925991774
125.60928472969681025 55.35699601843953133
129.45196865685284138 55.38095799274742603
129.67684623878449202 55.93730682879686356
130.19857670366764069 55.70695914421230555
130.02331595867872238 55.30999995768070221
136.12544652353972197 55.30999995768070221
136.12274997029453516 64.23469409346580505
135.97299064043909311 64.82705921865999699
136.64285974390804768 64.84677179250866175
136.54138649906963110 55.30999995768070221
140.02274969965219498 55.30999995768070221
140.02274969965219498 54.91010165680199862
146.43808734975755215 54.97495159693062305
146.43766192067414522 54.42015085089951754
140.02274969965219498 54.48989066015928984
140.02274969965219498 51.81238739378750324
140.28799498546868563 51.81679160054773092
140.35861233156174421 51.10228738561272621
140.02274969872087240 51.09466444607824087
140.02274969965219498 44.09000007808208466
138.46274966746568680 44.09000007808208466
138.46274966746568680 42.79998999089002609
135.94274962134659290 42.80000004637986422
135.94274962134659290 44.09000007808208466
132.00274959020316601 44.09000007808208466
132.00274959020316601 45.79000991210341454
130.42274958267807961 45.79000991210341454
130.42274958267807961 47.29001001827418804
124.55738566722720861 47.29001001827418804
124.55681572109460831 45.83844726067036390
122.93690762855112553 45.85180217027664185
122.93706888891756535 45.98509607370942831
119.10642499756067991 46.03362669050693512
119.10585689079016447 42.67999998293817043
119.87310948688536882 42.67999998293817043
119.87309951148927212 43.31452996376901865
120.00971005205065012 43.31453123968094587
120.04282477404922247 44.34843508433550596
123.26117457076907158 44.24535473342984915
123.23492439463734627 43.42577492259442806
123.09309765789657831 43.43031748291105032
123.09310945216566324 42.67999998293817043
124.16274969838559628 42.67999998293817043
124.16274969838559628 35.25999991595745087
119.24785542301833630 35.25999991595745087
119.19465304538607597 34.56814814172685146

[OBSTACLE]
59.36809525825083256 56.07844125200062990
58.96887477952986956 56.45607888139784336
60.47212036699056625 57.91849854867905378
61.21349503658711910 59.20447593554854393
62.69980322569608688 63.07521588262170553
63.27253603283315897 62.83804312534630299
61.43869403563439846 58.16783555131405592

[OBSTACLE]
74.05296394322067499 42.63634687103331089
42.88025966659188271 42.67708306666463614
42.88025966659188271 44.89706997759640217
44.70025953464210033 44.89708006381988525
44.70026951003819704 43.29707007762044668
73.48027959745377302 43.29715001396834850
73.48022959195077419 59.27716972492635250
71.80282287858426571 59.28047056775540113
71.88064880203455687 61.09714995417743921
74.10025525465607643 61.09716001711785793

[OBSTACLE]
8.35662605892866850 56.99999990314245224
8.26370663288980722 58.01154636591672897
9.37574970815330744 58.02007704507559538
9.37574970908463001 56.99999990314245224

[OBSTACLE]
88.34498537704348564 49.91289022751152515
88.34274596255272627 55.99999998696148396
90.36274971812963486 55.99999998696148396
90.36274971812963486 49.98032859340310097

[OBSTACLE]
76.85774957574903965 48.34000002034008503
76.85774957574903965 54.36000005342066288
78.87774965167045593 54.36000005342066288
78.87774965167045593 48.34000002034008503

[OBSTACLE]
41.45572968572378159 51.69999998435378075
41.45572968572378159 53.72000006027519703
41.87573955766856670 53.72000006027519703
41.87573955766856670 51.69999998435378075

[OBSTACLE]
72.10561726987361908 49.81516480259597301
71.09161050338298082 49.91863622795790434
71.53909947909414768 53.10088428389281034
72.54917936213314533 52.95892008207738400

[OBSTACLE]
0.43274959363043308 48.85000007599592209
0.43274959363043308 53.06999998167157173
4.65273952484130859 53.06999998167157173
4.65273952484130859 48.85000007599592209

[OBSTACLE]
75.28274970874190331 49.49000006914138794
75.28274970874190331 51.50999994948506355
75.70274960622191429 51.50999994948506355
75.70274960622191429 49.49000006914138794

[OBSTACLE]
91.28274953737854958 49.49000006914138794
91.28274953737854958 51.50999994948506355
91.70275158621370792 51.50999994948506355
91.70275158621370792 49.49000006914138794

[OBSTACLE]
100.88275256380438805 49.49000006914138794
100.88275256380438805 51.50999994948506355
101.30275363475084305 51.50999994948506355
101.30275363475084305 49.49000006914138794

[OBSTACLE]
113.68274968862533569 49.49000006914138794
113.68274968862533569 51.50999994948506355
114.10274958610534668 51.50999994948506355
114.10274958610534668 49.49000006914138794

[OBSTACLE]
69.38274955190718174 49.99000003933906555
69.38274955190718174 51.00999997928738594
70.40274968743324280 51.00999997928738594
70.40274968743324280 49.99000003933906555

[OBSTACLE]
67.10274962522089481 45.28000007756054401
67.10274962522089481 49.49999998323619366
71.32274953089654446 49.49999998323619366
71.32274953089654446 45.28000007756054401

[OBSTACLE]
76.85774957574903965 41.64000006765127182
76.85774957574903965 47.45999995619058609
78.87774965167045593 47.45999995619058609
78.87774965167045593 41.64000006765127182

[OBSTACLE]
76.77274953387677670 39.45999978948384523
76.77274953387677670 41.02999996393918991
78.99269608780741692 41.02999996393918991
79.00111341476440430 39.46005031373351812

[OBSTACLE]
111.95338020380586386 29.12599998898804188
112.07034019101411104 32.35000008158385754
107.78990650270134211 32.35000008158385754
107.79089651722460985 30.89785995986312628
105.27088965103030205 30.89787001442164183
105.27088965103030205 32.35000008158385754
104.81274957582354546 32.35000008158385754
104.81274957582354546 40.36999999545514584
112.83274968527257442 40.36999999545514584
112.83274968527257442 32.35000008158385754
112.47406451590359211 32.35000008158385754
112.57406458724290133 29.12599998898804188

[OBSTACLE]
90.41695968620479107 19.42952902056276798
87.60274253506213427 19.48018837720155716
87.60274253599345684 35.50001000985503197
88.30303926859050989 35.50001000985503197
88.39402742683887482 38.51125665195286274
90.34259614162147045 38.53009558282792568
90.43168781045824289 32.71137664467096329
88.32274167239665985 32.71000652294605970
88.32274167239665985 31.99999016709625721
90.44273156672716141 32.00001011695712805
90.44276767317205667 25.98001008387655020
88.32274167146533728 25.97999013401567936
88.32274167239665985 25.24998833704739809
90.43985497020184994 25.24961829651147127

[OBSTACLE]
53.59517495054751635 35.17996488604694605
53.54557811096310616 36.59133474621921778
54.00265266839414835 36.69998076092451811
67.21160055045038462 36.57879891712218523
67.21276897564530373 36.17997002322226763
54.11258453782647848 36.17997999768704176
54.09696460887789726 35.18023531790822744

[OBSTACLE]
82.25280032213777304 33.97970966994762421
80.48668892774730921 34.53311969712376595
79.00085647404193878 35.19564350601285696
79.63001991901546717 36.65056440513581038
82.72293679323047400 35.53003968391567469

[OBSTACLE]
65.69277580734342337 29.37997998110949993
65.69162303395569324 29.82097025588154793
66.74293049797415733 29.80636841151863337
66.79283571522682905 34.79965247865766287
67.26232455112040043 34.81544531974941492
67.21265865582972765 29.37997998110949993

[OBSTACLE]
119.81615789234638214 27.74042546935379505
118.81619618181139231 27.93143938668072224
119.65828069113194942 31.25051960535347462
119.11053967848420143 31.25217102747410536
119.20048372447490692 34.50008851476013660
120.19096481706947088 34.49617077503353357
120.19228979852050543 34.29341271053999662
121.41973948571830988 34.20802193973213434
121.19626155495643616 30.99579004384577274
120.66216243244707584 31.03294605668634176

[OBSTACLE]
63.54264921229332685 24.37999005801975727
63.59264905378222466 29.37998995557427406
57.21794806234538555 29.21107546053826809
57.21056537330150604 29.38073801063001156
53.59274752158671618 29.37998788245022297
53.58900159783661366 34.09998959489166737
54.07997875753790140 34.10050037223845720
54.06335876043885946 29.84287118539214134
64.61183929257094860 29.83607699908316135
64.61277011875063181 29.37998995557427406
64.01274964585900307 29.37998995557427406
64.01274964585900307 24.37999005801975727

[OBSTACLE]
85.13274961523711681 27.79507702402770519
84.12057710811495781 27.88454804196953773
84.11282308027148247 28.79731646459549665
83.50366808567196131 28.88433860708028078
83.52904190216213465 31.59713230933994055
85.17249984294176102 31.61007714923471212
85.24001034721732140 28.91973483283072710
85.13274961523711681 28.92247177846729755

[OBSTACLE]
82.89725008886307478 8.18821923527866602
69.75661287922412157 8.55720953363925219
60.15250300336629152 9.20438516512513161
60.11927860695868731 9.09278988558799028
53.29793721437454224 11.10229867044836283
47.60099209379404783 13.51318777166306973
47.55034877732396126 13.36968330573290586
42.39086269959807396 17.43966323602944613
42.31397783849388361 17.36305077094584703
37.54341367725282907 22.02532629482448101
31.98350574169307947 30.70903963595628738
32.42148405406624079 30.98946262523531914
37.66667231637984514 22.70056175533682108
42.65907253883779049 17.72207779251039028
47.91038664244115353 13.78378959000110626
53.94576006010174751 11.36048896610736847
60.25278529990464449 9.58037935197353363
69.91611616779118776 8.94333359040319920
82.90410433989018202 8.69023441895842552

[OBSTACLE]
77.81881643552333117 18.79420657362788916
72.78055457863956690 19.28016536775976419
71.37275199126452208 19.78295196499675512
71.37120889965444803 24.22403994482010603
72.07591021433472633 25.99987620301544666
77.53721421584486961 26.10008368827402592
78.59295657370239496 24.89352088142186403
78.29256022442132235 19.38625480514019728

[OBSTACLE]
85.08314405381679535 23.92998600564897060
83.69339417293667793 23.93184277415275574
83.65491104032844305 24.93854348454624414
83.98341169115155935 24.93938564602285624
84.03344169538468122 26.01763640809804201
85.00236975215375423 26.02002372313290834

[OBSTACLE]
108.73857680894434452 6.10913249198347330
108.11888890527188778 6.12433301936835051
108.13369471952319145 10.82295096199959517
108.38530392758548260 11.56675668247044086
109.50448681041598320 12.51805400196462870
112.22196759190410376 13.64679695293307304
112.45755531173199415 13.07283659838140011
110.48263710271567106 12.34884833265095949
109.25422199536114931 11.51131060626357794
108.75145394727587700 10.13257812056690454

[OBSTACLE]
136.20293212216347456 6.81005448941141367
135.18400367815047503 6.85660681780427694
135.28929650411009789 9.16182331554591656
131.93390675913542509 9.13274368643760681
131.92505437042564154 10.15257099829614162
134.68427128624171019 10.21315104700624943
134.84615319035947323 11.32601522840559483
138.03261481318622828 10.86250632535666227
137.88579606544226408 9.85313468426465988
136.35562390182167292 10.07571098022162914

[OBSTACLE]
88.32307637855410576 0.53547735232859850
88.31659192312508821 6.57998025137931108
90.36641005985438824 6.57991961576044559
90.34272875357419252 0.56012086756527424

[OBSTACLE]
84.04015701077878475 1.79909971356391907
82.93461523763835430 3.11662781611084938
84.99878977425396442 4.85083784069865942
86.05362294707447290 3.49394375737756491

[OBSTACLE]
127.79677259922027588 1.38645602390170097
127.31365772988647223 4.10451234970241785
129.00359299872070551 4.34998199529945850
129.48878489341586828 1.69576125778257847
