[SCALE]
1.0

[BORDER]
91.11201630905270576 1.57974548544734716
96.50461513828486204 2.12395346909761429
96.71900668274611235 0.00000000000000000
96.97297854069620371 0.00000000000000000
99.25870686117559671 1.29247667640447617
98.65315186604857445 2.68932593706995249
103.65499718673527241 4.77552346140146255
104.00255793239921331 3.97507301438599825
110.37450525444000959 7.57824392057955265
125.38071391917765141 10.87838674522936344
140.38728925865143538 12.45410678908228874
143.84711125865578651 6.76010885834693909
154.46866693254560232 1.60134777706116438
169.14578241109848022 8.93653598800301552
180.08280646614730358 7.39754030480980873
194.34301979560405016 1.84004640299826860
196.86869628634303808 0.00000000000000000
269.98000000044703484 0.00000000000000000
269.98000000044703484 78.09377094730734825
254.22482335567474365 79.47950192168354988
251.86035898514091969 82.92610205244272947
250.66939816437661648 82.69680493231862783
250.66013883147388697 82.54837056342512369
246.99830949213355780 82.88814605306833982
247.04234802536666393 83.27508488204330206
250.18354995828121901 83.05161722376942635
252.05455153249204159 83.35443796589970589
257.41217589750885963 94.48801179882138968
263.40698741003870964 96.88406705670058727
268.38626965507864952 137.86779941618442535
264.79285636078566313 139.90892909746617079
256.16714194789528847 138.99527876917272806
256.12488471996039152 139.38196932896971703
265.35482319537550211 140.49393355101346970
264.67030942626297474 143.40856905281543732
264.29707439243793488 143.34576213080435991
258.53533156123012304 178.09248686116188765
255.21184754278510809 177.84050986263900995
255.18380681984126568 178.22951472084969282
258.82810214441269636 178.49232362210750580
258.19353853911161423 181.56966813281178474
244.88172487542033195 184.28102040477097034
245.02088006027042866 185.39069585595279932
225.89406140893697739 181.88821006845682859
226.89559258706867695 179.70481665991246700
226.65095310378819704 179.59074082318693399
218.18041082471609116 197.75585673097521067
218.42509824782609940 197.86996071971952915
219.58166127465665340 195.40291520208120346
248.75900795124471188 197.89162197336554527
250.41897241119295359 207.16444268450140953
230.17623753007501364 233.24272671621292830
220.76923033967614174 237.54236900433897972
215.06542612053453922 242.80793010722845793
212.01109128072857857 250.10671866592019796
194.71722358558326960 260.05487851426005363
187.65213894005864859 228.93195539340376854
192.91339173633605242 226.59105129726231098
192.80363115668296814 226.34436842333525419
174.49142835568636656 234.49206875450909138
174.60118866711854935 234.73875163588672876
178.02551858033984900 233.21515483502298594
178.18304296024143696 233.55420257151126862
175.21328011155128479 234.99330235086381435
177.44300457555800676 245.70238705445080996
175.57568571995943785 246.22459330689162016
174.40880931261926889 244.61260901764035225
174.25228676944971085 244.16871872916817665
174.03138732537627220 244.29627741314470768
167.91549205500632524 241.53952579759061337
167.84898065030574799 241.71365373767912388
161.23072544299066067 242.68136860895901918
161.30741658899933100 243.16724363993853331
168.21077521890401840 242.14451733510941267
174.01547619141638279 244.72094499226659536
175.18176323734223843 246.33473198674619198
172.00514226034283638 247.22298904787749052
171.14008853025734425 261.72609597910195589
169.34857716597616673 262.82290891744196415
168.42334958724677563 263.14474052377045155
168.49348852317780256 263.34637743327766657
165.93558761198073626 264.91237387899309397
165.54003507457673550 268.99196850415319204
144.92283034324645996 268.47191442828625441
144.90445709880441427 268.35105899535119534
144.41173356678336859 268.38670664839446545
126.16400109231472015 263.61291991733014584
128.59423301275819540 257.69414704386144876
128.23355454299598932 257.54608060326427221
125.58447564393281937 263.86067909747362137
115.99463166855275631 261.16221221815794706
97.34169299248605967 246.48623172286897898
81.04884781688451767 249.55585121642798185
80.75924439076334238 249.98957936745136976
80.50257261842489243 249.92916056606918573
79.56236353795975447 242.52770026307553053
79.45196805521845818 242.52126605715602636
78.82148809358477592 239.37527391873300076
78.46277489885687828 239.51451962534338236
79.06216556113213301 242.50956832151859999
79.01859732531011105 243.02147666830569506
79.15629599988460541 243.02827868331223726
80.22613517474383116 250.78790441527962685
72.75740707945078611 261.97261788323521614
72.31217048503458500 269.98000000044703484
30.52692715357989073 269.98000000044703484
30.61915827728807926 269.69781348947435617
0.30123777594417334 247.50909427925944328
0.00000000000000000 247.66284254472702742
0.00000000000000000 193.16397453285753727
11.15624160319566727 189.77685663476586342
13.68925597425550222 175.90671523753553629
13.95552003849297762 175.86477324832230806
14.13592495582997799 176.20048247743397951
21.20044223405420780 172.40404504351317883
17.40407510381191969 165.33951762877404690
10.16924093011766672 169.22748253867030144
8.77142726909369230 166.47427079081535339
0.00000000000000000 164.69524470157921314
0.00000000000000000 111.72797316685318947
2.85423841979354620 110.68528566695749760
11.06939847115427256 92.87524941843003035
15.92224305309355259 76.04257967136800289
8.06694015860557556 30.16520302649587393
8.28627523686736822 30.03071425296366215
8.59827004931867123 30.26314759720116854
38.05288957338780165 8.53911651484668255
37.85964052751660347 8.39238113909959793
37.92480131424963474 8.14635697193443775
70.98079505376517773 3.77055701892822981
71.48688753414899111 3.57479478418827057
71.65595754608511925 4.81797721423208714
74.96412797179073095 2.58842511102557182
75.09071804862469435 2.18038133252412081
80.72595725860446692 0.00000000000000000
91.27146994695067406 0.00000000000000000

[OBSTACLE]
164.39315633010119200 254.88095696084201336
153.08479690644890070 255.39416376501321793
153.25610549654811621 259.16873418632894754
151.85414740815758705 259.22823116648942232
151.97915390133857727 262.50291247386485338
153.40406664367765188 262.42890864983201027
153.46200366038829088 263.70554310642182827
164.77036302629858255 263.19233630504459143
164.72154405713081360 262.11649996228516102
165.36899993196129799 262.11649996228516102
165.36899993196129799 260.69650001265108585
164.93938273377716541 260.69650001265108585
164.87809801846742630 258.76201277133077383
164.56989727262407541 258.77528015244752169

[OBSTACLE]
136.94258735980838537 252.42336499039083719
134.42335447017103434 260.03745271265506744
138.91861866042017937 261.52479591779410839
138.78111812565475702 261.91672618221491575
140.30979622062295675 262.45294645149260759
140.45686182379722595 262.03367963805794716
142.03741246182471514 262.55663512088358402
142.34103866852819920 261.63899831939488649
142.61819886043667793 261.72951364051550627
143.94445727672427893 257.65339760016649961
143.68751126900315285 257.56941301841288805
144.55664500780403614 254.94254726637154818

[OBSTACLE]
130.65031981468200684 251.71240409091114998
129.36530435550957918 254.78943003341555595
129.72610854543745518 254.93754835054278374
131.02612018026411533 251.77138417586684227

[OBSTACLE]
115.80372921656817198 241.39091776125133038
112.98634507134556770 246.07042467221617699
113.50338740274310112 247.58797907643020153
118.42328596580773592 250.08160461764782667
119.16662240307778120 249.92686290945857763
121.27089053392410278 245.36103844176977873
121.53937306907027960 243.89036343246698380
117.63443685322999954 241.63585064467042685

[OBSTACLE]
169.07279905863106251 246.80945007875561714
166.46341267507523298 247.50872935075312853
166.90858891047537327 249.17014758381992579
169.51657928433269262 248.47127296589314938

[OBSTACLE]
93.54658214934170246 241.56960253883153200
91.85839619208127260 245.26234942581504583
92.72581676300615072 247.03183633740991354
95.16281770449131727 243.87342169880867004
95.12187072820961475 241.80385186430066824

[OBSTACLE]
135.52421230822801590 239.53137334901839495
133.01182273309677839 245.90900688897818327
133.37243658583611250 246.05704837292432785
135.80992434825748205 240.12054951768368483
138.87307761516422033 241.14470287226140499
138.91594154667109251 240.76499457657337189

[OBSTACLE]
144.73588384315371513 242.71552698500454426
144.77043033391237259 243.25595792662352324
148.43043486960232258 243.15660439897328615
155.05663669016212225 243.36971369571983814
155.07230635266751051 242.97665944322943687

[OBSTACLE]
130.23707276396453381 236.09519826900213957
129.91488361638039351 236.50268610101193190
133.71967895794659853 239.47645126935094595
134.03891235496848822 239.06606418360024691

[OBSTACLE]
161.66062032710760832 220.62904473580420017
159.40532640460878611 229.30865457188338041
159.08902158122509718 229.28504461981356144
159.01402955316007137 228.57487002667039633
156.09672828204929829 231.38680697698146105
152.30938887968659401 230.20667536836117506
150.37634153291583061 231.06196667253971100
150.73375955130904913 232.61374700441956520
154.78460079990327358 232.84447328373789787
155.21169417537748814 232.37945463601499796
159.72090692725032568 232.69790364056825638
163.79633663780987263 230.62395997624844313
164.96252170391380787 225.60425875801593065
163.95912635512650013 220.63355593383312225

[OBSTACLE]
144.90486508142203093 132.36010763701051474
142.58840603753924370 133.41685804445296526
134.14046639483422041 141.57189607433974743
133.96761481836438179 141.39040500856935978
131.96097914502024651 143.57855547685176134
130.84082368481904268 145.89109900593757629
131.21825810056179762 146.65662345848977566
131.81423305068165064 146.32789670955389738
159.22894418612122536 171.46318262536078691
170.12616700399667025 189.71144290827214718
175.23992047645151615 230.71131794806569815
173.21091829612851143 231.61408874765038490
173.32067887578159571 231.86077162064611912
191.63288167212158442 223.71306122373789549
191.52312136068940163 223.46637834236025810
178.13389632385224104 229.42369149345904589
177.97379530593752861 229.09185761213302612
188.19457274675369263 223.76530071441084146
188.24118768330663443 224.02033419068902731
188.75628032814711332 223.95431849360466003
187.92224198672920465 219.38325416482985020
187.41071487776935101 219.47676111105829477
188.08475972339510918 223.16450620815157890
187.75216343067586422 223.25851167738437653
184.23645163234323263 214.19765935558825731
180.36023487895727158 190.38700477872043848
186.30283874832093716 185.50672881212085485
216.06653478182852268 194.83214331604540348
215.32555821537971497 196.42462040483951569
215.57024703361093998 196.53871911950409412
224.04078946448862553 178.37359282188117504
223.79608067218214273 178.25948985852301121
222.32244981639087200 181.42175234947353601
200.96577469352632761 178.43587628100067377
189.52072115615010262 174.38468114566057920
180.18782061245292425 168.30175305623561144
159.01988485269248486 149.44235059246420860
145.55392403993755579 132.85532897990196943
145.61630154494196177 132.73784305341541767

[OBSTACLE]
129.10061778314411640 148.50112294778227806
128.98885514028370380 149.00865646824240685
133.45091836247593164 150.03903937339782715
149.04384798184037209 164.13396705035120249
158.44956547860056162 173.38525086455047131
165.05220815073698759 183.95180894155055285
169.11072672251611948 191.91642487421631813
170.94200910348445177 208.76875963062047958
172.87214898597449064 221.86700584739446640
173.93045747093856335 230.52271994762122631
174.44660993665456772 230.45960212219506502
173.36461094301193953 221.61184161528944969
171.45002081431448460 208.66265902761369944
169.58494627662003040 191.46734819933772087
165.53608979843556881 183.77414063923060894
158.69968454446643591 172.80239988956600428
149.40766104031354189 163.76242370996624231
133.48674818780273199 149.37729326263070107

[OBSTACLE]
63.57829384692013264 198.63706685509532690
62.95237519498914480 198.79487982578575611
63.03578116744756699 199.31831975188106298
64.40852465108036995 199.86193249188363552
68.84921940881758928 203.74582588020712137
68.74365505389869213 203.82624871842563152
69.35735206492245197 215.44657791126519442
72.25068840291351080 222.60201659612357616
74.05951535515487194 222.20297467522323132
76.32751377578824759 230.18555220589041710
76.70264241471886635 230.07897626608610153
74.44100054260343313 222.11880821269005537
76.44608116894960403 221.67646924871951342
78.59503276366740465 211.92574002034962177
75.64880301989614964 201.71484266128391027
82.62178042624145746 201.23864877410233021
91.12865565344691277 203.48205954674631357
91.31539634894579649 202.99990601837635040
82.97160887811332941 200.69343673903495073
74.28807253763079643 201.28896548412740231
72.33302901964634657 201.09108330123126507
69.32673011906445026 203.38193932455033064
64.30300981551408768 198.94150780141353607

[OBSTACLE]
98.58320709690451622 206.96858115121722221
98.40070719551295042 207.31196448300033808
102.29364516399800777 209.45716666243970394
114.72773582953959703 221.76123025547713041
120.39123306237161160 228.21577625349164009
120.81309347692877054 227.91628000978380442
115.09438139386475086 221.39248900488018990
102.87040796503424644 209.18194711208343506

[OBSTACLE]
128.24168917257338762 217.31389614846557379
127.87356690876185894 217.68117371480911970
137.13602885045111179 226.96500099264085293
141.66597228404134512 226.90949675999581814
151.86019923072308302 218.67987824883311987
151.53483460471034050 218.27436321880668402
141.31281284522265196 226.38744609709829092
137.26214857771992683 226.35981827601790428

[OBSTACLE]
215.24196478538215160 216.53881396818906069
211.20485754124820232 220.15095677599310875
211.13348663598299026 221.07878894638270140
215.45244606863707304 225.39774812664836645
215.95567561220377684 225.46963660046458244
220.77178463339805603 220.65352732874453068
220.62437971774488688 220.17315374873578548
217.30042032804340124 216.89371826872229576

[OBSTACLE]
136.21558960154652596 212.06282231304794550
130.16281743440777063 217.32441355846822262
135.42441019881516695 223.37718774750828743
138.90736692026257515 220.34949539229273796
139.46796868368983269 220.90233374759554863
138.94485167413949966 221.21924156881868839
139.29322207905352116 222.37708962801843882
140.43726221099495888 221.85820416361093521
140.82044328004121780 222.23607880901545286
142.59189635887742043 220.45147033687680960
140.81493964698165655 218.69126538280397654
141.47718160040676594 218.11558642424643040
139.27021873183548450 215.57676418684422970
139.66763791069388390 215.17787920776754618
138.32455147523432970 213.93300992064177990
138.05873585958033800 214.18311914522200823

[OBSTACLE]
146.82084604352712631 218.24658514466136694
145.41924528405070305 218.47440389636904001
145.67915401514619589 220.07341481558978558
147.08075477462261915 219.84559606388211250

[OBSTACLE]
149.93913279939442873 206.13279727566987276
145.61819658055901527 208.00077474024146795
144.46936826594173908 209.72575193643569946
146.19912642519921064 214.85943068191409111
147.02381332032382488 215.29053303785622120
152.69491892959922552 213.02216673176735640
152.95922168996185064 212.58794851601123810
150.43012788891792297 206.26500398851931095

[OBSTACLE]
86.50249967817217112 207.96816973388195038
83.64249979332089424 212.92184022907167673
86.60430016275495291 214.63183022197335958
89.46430028975009918 209.67816983815282583

[OBSTACLE]
114.68966143298894167 187.25877117458730936
109.19731630850583315 190.79561666864901781
106.28626232221722603 190.01783908996731043
105.87062422744929790 189.77384432498365641
103.80458490271121264 187.52304961159825325
103.55388386640697718 187.81932404451072216
105.59080367255955935 189.97097617667168379
105.43759979028254747 190.21955040190368891
102.75338324718177319 189.41299297381192446
101.82908240519464016 192.88337860442698002
105.45865124743431807 197.75367188733071089
108.32225247472524643 196.77903158310800791
108.71456812601536512 198.63983557187020779
121.29267595522105694 210.77604360878467560
121.65457698237150908 210.40272450260818005
109.15378825366497040 198.20251480303704739
108.81809352617710829 196.61028030235320330
108.93152560200542212 196.57166835479438305
109.01397156901657581 191.44572084117680788
114.92663611937314272 187.56707028765231371

[OBSTACLE]
121.98675318621098995 192.90869863331317902
120.69662725739181042 195.35339050553739071
120.24428940378129482 195.17364392708986998
119.86765408143401146 196.12157103884965181
120.21781857684254646 196.26069169305264950
116.70343882218003273 202.92014687974005938
124.06167674530297518 206.80328123550862074
125.47092269826680422 204.13288115244358778
125.56708156783133745 204.17973643820732832
129.34487196430563927 196.79178351256996393
127.98130796942859888 196.07219149451702833
128.07445220183581114 195.86035081930458546
127.41535094659775496 195.57055068667978048
127.34291461016982794 195.73529325891286135

[OBSTACLE]
196.98000001721084118 203.20932256150990725
195.96432275418192148 203.27595177292823792
195.95995401311665773 204.22999992035329342
196.98000001721084118 204.22999992035329342

[OBSTACLE]
149.08396071847528219 177.41240415908396244
148.79242457263171673 177.66971440613269806
151.76281500607728958 181.14604663662612438
154.27041252050548792 185.23887348920106888
152.11212395317852497 186.67601832374930382
152.58891952410340309 192.78908229619264603
157.24555048719048500 196.01755790226161480
159.38644547387957573 196.27080212533473969
160.35815817490220070 200.76281360071152449
160.87191602494567633 200.72666359785944223
159.10909287165850401 192.15565380454063416
157.74845327436923981 189.93073462601751089
157.14598411973565817 188.15231735352426767
155.04964348860085011 184.72000251896679401
154.70271786954253912 184.95101649221032858
152.31448707170784473 180.98536155652254820

[OBSTACLE]
210.21766660269349813 194.07557246740907431
210.10108248516917229 194.58233347814530134
214.60172393452376127 195.61768591497093439
214.71412761695683002 195.11001820210367441

[OBSTACLE]
129.11842556018382311 190.12418225593864918
127.59391137864440680 191.44942341279238462
129.18157442472875118 193.27581761498004198
130.70608860626816750 191.95057645812630653

[OBSTACLE]
87.58035306073725224 186.20714668463915586
86.05137551948428154 187.74789169058203697
90.28649151325225830 191.26528481021523476
90.70291540212929249 189.97020539548248053
89.39191732276231050 187.05144815426319838

[OBSTACLE]
149.39488039631396532 189.51722703687846661
148.00434580445289612 189.85074431914836168
148.14883000031113625 190.59711849968880415
148.72779343742877245 190.49548490252345800
148.75369953364133835 190.83276584371924400
149.49214935488998890 190.64539826568216085
149.57436173222959042 190.19327456783503294

[OBSTACLE]
150.58497839421033859 188.88844106160104275
150.54074582085013390 189.59067049250006676
150.95886603463441133 189.63383592944592237
151.00414876267313957 188.91484853625297546

[OBSTACLE]
12.76890564989298582 187.08287192136049271
12.67313447128981352 188.29836138244718313
22.07574518863111734 188.90951151121407747
22.12891713902354240 187.69066544342786074

[OBSTACLE]
47.75682806596159935 177.95641278568655252
40.80892377067357302 184.32354566361755133
41.03562684077769518 185.54168938659131527
31.93529458343982697 187.27456721384078264
32.18895384948700666 188.46791467256844044
41.25879611168056726 186.74084188509732485
41.39706182945519686 187.48378990404307842
48.75975536275655031 188.75537462998181581
56.43263637088239193 182.92603449709713459
56.45827790349721909 180.01499073673039675
55.15400241967290640 178.77265058457851410

[OBSTACLE]
147.80128804687410593 185.33667440805584192
147.77751966007053852 186.85133704543113708
146.51176717318594456 186.95931661501526833
146.53648842498660088 188.59425362385809422
147.55625387467443943 188.61608162987977266
147.56872117891907692 188.03335750568658113
149.47871198505163193 188.06332563981413841
149.52107570320367813 185.36365821585059166

[OBSTACLE]
125.51313934940844774 180.00749048124998808
117.20796369668096304 185.61181890126317739
117.42110588215291500 185.93839953653514385
125.73378378618508577 180.32903192099183798

[OBSTACLE]
106.87756395060569048 178.56700120959430933
104.52525501698255539 181.04860650096088648
108.67443590611219406 184.97259869053959846
111.02674483973532915 182.49099365063011646

[OBSTACLE]
102.38938859011977911 173.50478175561875105
99.23818497359752655 179.37940749712288380
99.03877107426524162 179.36368434131145477
99.06351107358932495 182.77300262637436390
98.93922430276870728 183.26518338732421398
99.49578728433698416 183.29602996539324522
99.49343100376427174 179.88368088286370039
99.61396204214543104 179.42213411908596754
102.84297026414424181 173.75597606413066387

[OBSTACLE]
227.51655997708439827 180.23684445209801197
227.37735117599368095 180.73574326559901237
240.32883224729448557 183.09488912578672171
240.48691380769014359 182.60390987992286682

[OBSTACLE]
147.66703115403652191 129.98472296912223101
147.17629939503967762 130.15519319009035826
148.50268615037202835 134.57730585150420666
159.32074686884880066 148.15476623736321926
175.32344995718449354 162.72545520495623350
189.10633037146180868 173.05889492388814688
197.22789872810244560 176.12079702038317919
205.63758271560072899 178.04286077897995710
213.97504641581326723 179.69679183326661587
222.72663902211934328 179.68135238997638226
222.72721090819686651 179.16139599122107029
213.83289499394595623 179.13822260592132807
205.75499534793198109 177.53629882633686066
197.36247676238417625 175.62135311961174011
189.12289893254637718 172.42384460009634495
175.67318582348525524 162.34063908271491528
159.57756704930216074 147.64271866250783205
148.88257318921387196 134.22542376816272736

[OBSTACLE]
75.84422070439904928 157.27669592201709747
66.42705138679593801 164.21039276663213968
65.36618713662028313 171.77457240317016840
69.67679793108254671 176.76703906897455454
74.56109222117811441 178.27386662736535072
83.04002680163830519 175.24311535526067019
86.49440254457294941 170.69241834431886673
81.02103059925138950 157.45555827207863331

[OBSTACLE]
242.20446842350065708 176.85266172140836716
242.16338198911398649 177.34177006687968969
249.01986313983798027 177.78608117625117302
249.04778499063104391 177.39725883025676012

[OBSTACLE]
230.91242166794836521 166.82315597124397755
230.40196154732257128 166.83645104151219130
230.50257035531103611 173.49182126205414534
230.29126762878149748 173.60822826344519854
232.41041689924895763 176.42920707631856203
232.39357763808220625 176.67271876242011786
239.24526639375835657 177.08298281300812960
239.27319046016782522 176.69413305260241032
232.85146006103605032 176.23224896378815174
230.90463376883417368 173.68502117972820997

[OBSTACLE]
133.00910537596791983 173.86733400076627731
130.95045040920376778 176.19330827705562115
130.52339376788586378 176.47454339545220137
130.78361553698778152 176.85386441089212894
131.24167797155678272 176.69130778964608908
131.16008478216826916 176.54484255705028772
133.30112097971141338 174.12578941881656647

[OBSTACLE]
251.73388656787574291 160.76291402522474527
250.27210787124931812 163.65488614700734615
248.63015644252300262 162.72369069233536720
246.06459052860736847 167.22120326105505228
245.21139874123036861 167.56825014855712652
245.30686910264194012 167.73796914424747229
244.09459919948130846 169.71205259766429663
245.78549191448837519 170.60674289334565401
245.90644652489572763 170.39436802268028259
251.64986223168671131 173.65632691420614719
255.60633173584938049 166.68018484581261873
255.25327275600284338 166.47994827013462782
255.95049776230007410 165.10052962321788073
256.42902183625847101 165.33121362607926130
257.15795516874641180 164.00421387795358896
256.65583465248346329 163.70514394994825125
256.83873648382723331 163.34337704908102751

[OBSTACLE]
237.48307208623737097 169.83302094042301178
234.97302100714296103 170.05694815982133150
235.19692795444279909 172.56697902735322714
237.70694887079298496 172.34305180702358484

[OBSTACLE]
119.25299606658518314 158.40979349892586470
119.21489033568650484 158.60005582682788372
115.96632649376988411 159.72068914584815502
116.02385511156171560 159.87935352697968483
113.70096994191408157 162.19235128071159124
114.01881246455013752 162.40625179931521416
116.57951255235821009 159.98745122272521257
119.53908924292773008 158.90225894469767809
122.62031117361038923 159.72841111849993467
120.41046874504536390 166.71063658501952887
131.20283758174628019 170.12637132313102484
131.80619002785533667 168.22001499217003584
139.65516403503715992 172.19812444504350424
140.56880476512014866 170.99249610956758261
138.46025297604501247 166.49246090650558472
133.52600349113345146 162.78608114179223776
133.71333934459835291 162.19417355675250292
122.92097353562712669 158.77843856718391180
122.73789190873503685 159.35690306965261698

[OBSTACLE]
220.75737873278558254 163.94495655875653028
213.32068432494997978 164.32756358571350574
206.70525756385177374 167.42136604432016611
206.67885580100119114 169.33031657896935940
215.25455600582063198 170.31184120755642653
220.79681183397769928 169.02850476093590260

[OBSTACLE]
111.58401589002460241 164.30068955384194851
106.74703925754874945 169.12536063138395548
107.07173529081046581 169.45379961282014847
111.86672133114188910 164.56893672980368137

[OBSTACLE]
236.77790178358554840 168.09728203434497118
235.74108513165265322 168.81040059123188257
235.99147307686507702 169.37325360067188740
237.22437343560159206 168.88111992925405502

[OBSTACLE]
220.48910298943519592 156.47100180201232433
220.37667958065867424 163.37437365017831326
220.92640367709100246 163.38730974495410919
220.87707349192351103 156.49800727795809507

[OBSTACLE]
38.11917981505393982 154.07342262472957373
38.06613977812230587 155.30991209391504526
36.09487636666744947 161.07759541552513838
37.08676263503730297 161.60711584426462650
37.76053470093756914 159.84969071391969919
42.43183083552867174 159.36481892317533493
43.54213082138448954 156.86366052273660898
44.47606733348220587 157.12865408789366484
44.45565139874815941 157.30865080375224352
50.66269994620233774 156.74913843534886837
50.25329273659735918 155.57727093435823917
44.60781727172434330 156.05560297425836325

[OBSTACLE]
231.31448496785014868 143.84087841212749481
230.73070666100829840 160.56124898139387369
231.12168961483985186 160.57434710673987865
231.78196796216070652 143.87049952987581491

[OBSTACLE]
200.55230433400720358 149.39491401240229607
196.39493519719690084 153.86964542418718338
196.34158041235059500 154.37516272719949484
201.33023404702544212 159.01001624576747417
201.83466625027358532 158.96624527126550674
204.96113704517483711 155.40381741337478161
205.24016616493463516 153.33382477983832359
201.48213496059179306 149.43214883189648390

[OBSTACLE]
181.13277515582740307 148.86604112945497036
177.35129355359822512 149.42684278916567564
176.69142810162156820 152.10840479657053947
182.99867212958633900 158.22221223078668118
186.32730140816420317 157.93734463397413492
184.52511280030012131 152.47490419074892998

[OBSTACLE]
249.63458139542490244 143.86232987605035305
247.99542240891605616 152.74241166748106480
246.99952912051230669 152.65147008746862411
246.84685173165053129 154.36470281705260277
247.68227144423872232 154.43915537372231483
247.57974991668015718 154.99427849706262350
250.58304276224225760 155.54864027071744204
250.51966933347284794 155.85578088089823723
252.02714691590517759 156.15438665822148323
252.01471123751252890 156.29418339207768440
253.01428384706377983 156.45169336255639791
253.05945563036948442 156.00574359390884638
254.11707196943461895 156.20096116606146097
254.00105118378996849 156.87629243079572916
255.00626253243535757 157.04897867422550917
255.12014141492545605 156.38611161429435015
255.76151873078197241 156.50449911225587130
257.81634906772524118 145.37255132850259542

[OBSTACLE]
95.17618069518357515 146.50423434749245644
90.18615616671741009 148.72561489325016737
89.74053241591900587 150.26568164676427841
92.34451506100594997 155.12815790530294180
93.04628993943333626 155.41775161959230900
97.38284202571958303 152.89030068367719650
98.44540328066796064 151.83874052204191685
96.53638197481632233 147.75377400405704975

[OBSTACLE]
74.28803540673106909 146.46421618200838566
71.07515301182866096 148.68234296794980764
62.47788999509066343 152.51143104489892721
62.99785599112510681 153.61508788820356131
71.60488995723426342 149.78163875266909599
71.51627897191792727 149.59355676639825106
75.08033536933362484 147.36236264463514090

[OBSTACLE]
12.90976738650351763 143.57175207138061523
7.08660408575087786 145.41502228472381830
6.79095748253166676 145.82852115109562874
8.84607512503862381 152.32101482897996902
9.32595184165984392 152.48910881578922272
13.78281431458890438 150.97330308798700571
15.04618769884109497 149.30993841495364904
13.70028814114630222 144.06259181443601847

[OBSTACLE]
184.71638551168143749 146.86540218256413937
181.72338734660297632 148.48366947937756777
181.90885955095291138 148.82671282440423965
184.89932816196233034 147.20979530084878206

[OBSTACLE]
106.44081215001642704 134.84488451294600964
105.58055481780320406 135.31152740679681301
108.20831264834851027 141.29562740586698055
107.08388267923146486 146.40187976229935884
108.45375160034745932 148.74508285615593195
110.49598914384841919 147.75239858590066433
110.47246946208178997 140.05033992882817984

[OBSTACLE]
34.19618398696184158 132.48444011807441711
30.00732863508164883 137.61070629395544529
30.79721632692962885 138.25610587187111378
31.11345822084695101 137.86908575613051653
37.11412047967314720 144.70796018280088902
40.80232424847781658 145.54755554534494877
45.90327264927327633 143.73254035692662001
53.77750730607658625 146.11521057132631540
59.50586869008839130 144.13217016309499741
63.44817834720015526 140.32426357455551624
63.33747164066880941 140.14952531550079584
63.79808674380183220 139.86980176344513893
60.47114527411758900 133.61862317658960819
59.77036433294415474 134.04419559799134731
59.87750994227826595 134.25369245279580355
56.48391146771609783 137.04637516289949417
56.89113191422075033 137.37160985264927149
52.58827636018395424 141.98261374328285456
52.32788011990487576 141.83597079385071993
52.40792941488325596 141.55217996519058943
48.72099275887012482 140.51237282156944275
40.41970372013747692 139.41639201808720827
40.35876961704343557 139.78826367482542992
39.43536888435482979 139.43791753891855478
39.26291450671851635 139.57503546960651875
35.04662856273353100 132.74208794813603163
34.73258909117430449 132.92274038307368755

[OBSTACLE]
192.36204334814101458 141.08313703071326017
190.44838046841323376 143.69103830680251122
190.32090879138559103 143.65131753403693438
190.30327224638313055 143.88640354666858912
187.31944518629461527 145.45781291835010052
187.50495928805321455 145.80094250198453665
190.47911193594336510 144.19294495042413473
190.66907652560621500 144.30297360103577375
190.82715730089694262 143.82135842088609934
192.62438397854566574 141.36318163480609655

[OBSTACLE]
23.96661490947008133 137.47103864978998899
22.95945694018155336 138.11659059766680002
26.09514576848596334 144.16085358895361423
28.44409384485334158 144.34065526444464922
30.31601991504430771 142.60529691539704800
29.98201027326285839 140.19136832654476166
25.90822948422282934 141.40153414942324162

[OBSTACLE]
258.20472038537263870 140.10588860139250755
257.96070788241922855 141.70739711727946997
259.56217904761433601 141.95147145912051201
259.80629262607544661 140.34996268991380930

[OBSTACLE]
202.25988420378416777 138.39938374143093824
202.10807461012154818 138.75839841645210981
208.35205348487943411 141.45530028082430363
208.55428866017609835 140.98449214547872543

[OBSTACLE]
161.16051187273114920 124.27723863348364830
158.19002083782106638 127.21427865233272314
159.51677322108298540 133.58436870854347944
165.05922839324921370 141.28306362032890320
165.50635663699358702 139.88386963680386543
162.12782260216772556 133.24339062720537186
163.63983734045177698 126.92928598728030920

[OBSTACLE]
217.98892287351191044 140.47620280925184488
211.53540478087961674 140.77729091700166464
211.55357690621167421 141.16683719120919704
218.00710533466190100 140.86574906017631292

[OBSTACLE]
247.56301777530461550 137.12071255594491959
247.25920975580811501 139.11773419380187988
252.61748224496841431 139.93293822184205055
252.92129026539623737 137.93591683637350798

[OBSTACLE]
231.65484483726322651 135.77021744195371866
230.93399920966476202 138.23422639723867178
234.79245761688798666 138.61859967838972807
236.21579914074391127 137.96191439870744944
236.20558166224509478 138.14700724836438894
241.53095712605863810 138.61499736830592155
241.69937247596681118 136.52881009131669998
236.31857930496335030 136.09601088706403971
236.30562336556613445 136.33113830350339413
235.99061785638332367 136.37036196794360876
235.94348373077809811 136.21949080564081669

[OBSTACLE]
94.84985513985157013 123.82521456293761730
92.04146741051226854 130.09051981009542942
91.91596342064440250 130.00695872679352760
86.52852506469935179 137.73690969124436378
87.54403646755963564 138.41304118279367685
92.93147482071071863 130.68309047445654869
92.44140888564288616 130.35680252127349377
92.60199420899152756 130.05318478401750326
93.08643701486289501 130.24983205180615187
95.78063738159835339 124.24242581427097321

[OBSTACLE]
96.04914365988224745 88.17243153415620327
85.82347242347896099 94.51220316067337990
96.21223998069763184 109.07107914984226227
106.96786016784608364 120.84646952245384455
118.48498387634754181 131.18986725900322199
122.25361070130020380 137.34201335906982422
123.19694504979997873 137.86379316821694374
125.51340555585920811 136.80704372562468052
134.40284116938710213 128.23149684723466635
136.10078480932861567 126.82190169580280781
137.33009534422308207 124.40515415463596582
136.89146684575825930 123.58151603769510984
136.22691072337329388 123.87431913055479527
133.32384706195443869 122.64782631956040859
117.11857526656240225 106.15148618910461664
102.06591051351279020 89.53623552713543177

[OBSTACLE]
197.24083588179200888 129.47326841577887535
196.13311589416116476 135.73219816107302904
195.92422441300004721 136.20206294301897287
199.36799198202788830 137.59972835052758455
199.51981507241725922 137.24067715648561716
196.50403762981295586 135.96550485864281654
197.62481554504483938 129.54122547060251236

[OBSTACLE]
8.27178476843982935 128.15660108346492052
7.17194690182805061 128.68462296389043331
11.06843212805688381 137.26386588346213102
12.13975518103688955 136.68315722979605198

[OBSTACLE]
80.32471522036939859 114.61682646255940199
76.90158117562532425 115.58783733285963535
76.83475809916853905 115.47728596255183220
75.77716738544404507 116.08506212849169970
75.87152539752423763 116.24926673527806997
69.76683350838720798 123.39455874729901552
70.71084024477750063 124.16738894488662481
76.83320834022015333 117.00539673399180174
76.72666976600885391 116.91922950465232134
77.41835893597453833 116.46501241065561771
80.77911348827183247 115.81428951025009155
80.73137009516358376 115.68844352755695581
84.41750741377472878 116.18737537506967783
84.34837697818875313 118.14925264939665794
82.26553584542125463 123.40807210654020309
75.23814292997121811 131.13696816936135292
73.77352896053344011 131.79670633189380169
71.83692199364304543 130.98811920452862978
68.55425799638032913 128.24301775172352791
68.82035628892481327 128.05624127015471458
67.91431951988488436 127.27114965952932835
64.99010394047945738 130.04234098456799984
65.52948785200715065 130.70174960140138865
65.64013979118317366 130.61016629077494144
69.25171936117112637 136.55781374033540487
70.11276866588741541 136.04256683588027954
73.50032589025795460 133.14522921387106180
73.52761757839471102 132.96918171923607588
76.42337301187217236 132.00677688885480165
76.13404415640980005 131.69624439161270857
78.52526057232171297 128.92039077915251255
78.86819848325103521 129.14238992892205715
77.39718404971063137 130.88081746548414230
81.87034275103360415 128.76180598977953196
83.44345838762819767 125.96954858209937811
83.85646995343267918 126.15205640997737646
85.69478460121899843 121.97346867248415947
87.26804196834564209 119.18096315767616034
87.05952852871268988 115.55958706140518188
85.41897049266844988 114.90057193301618099
85.42407828383147717 115.08887662366032600

[OBSTACLE]
42.02479315456002951 83.57667581178247929
39.18672023247927427 84.90363485459238291
38.33920638170093298 84.05215693637728691
36.84473806060850620 84.33566070906817913
36.70469584036618471 84.12872731965035200
36.78568060602992773 84.00192496553063393
34.60342670977115631 83.84162501152604818
31.75749815907329321 87.82837197929620743
31.21283756569027901 87.31822540517896414
30.51556569244712591 88.06266227271407843
31.15957538411021233 88.66590422671288252
17.18329543340951204 108.24468390177935362
18.88117760978639126 119.22940142080187798
24.05720681603997946 128.91230762377381325
22.18635879829525948 131.22000763472169638
22.97621612716466188 131.86540492810308933
27.16446047369390726 126.73974171839654446
26.42773596476763487 126.02661394234746695
28.21027110703289509 125.01117376238107681
28.22122947592288256 122.81865239795297384
26.41098165512084961 121.81295908056199551
24.64905284903943539 122.88079476729035378
24.46721532288938761 122.47011275868862867
25.69587756227701902 121.50378610566258430
23.41211185976862907 116.31866523995995522
23.12631243281066418 109.52775923907756805
24.48585387412458658 108.50765286386013031
24.01316718570888042 106.36763467825949192
28.71358583029359579 99.07450637966394424
31.97133536636829376 93.36285031028091908
37.93043598160147667 94.51691635791212320
36.27415161486715078 87.66443347837775946
36.52955253981053829 87.52473334968090057
37.15907963458448648 88.18193776067346334
39.04837865103036165 87.58571403473615646
39.61631699930876493 85.82876575551927090
42.45681422017514706 84.50066313985735178

[OBSTACLE]
42.57037595286965370 127.61259219050407410
42.28264669422060251 128.59119489789009094
45.33654114883393049 129.50267505552619696
48.99410281237214804 130.23657790571451187
48.99711000267416239 130.53900683950632811
50.31703877449035645 130.52589126955717802
50.30293020978569984 129.10596120730042458
48.99392469413578510 129.11896813288331032
45.50667789299041033 128.49750227387994528

[OBSTACLE]
56.22374677099287510 121.67428242135792971
54.84958231355994940 122.03219339717179537
55.17892032116651535 123.29666542168706656
53.94184553623199463 126.30224125552922487
50.72117344848811626 129.01271306257694960
51.63152583222836256 129.79141657799482346
54.53837489150464535 127.00180688966065645
54.40278972871601582 126.83834437467157841
54.58396968431770802 126.59829868003726006
54.79369353782385588 126.69063739757984877
56.21753341425210238 123.03993810527026653
56.55643764510750771 122.95166676864027977

[OBSTACLE]
251.30259500909596682 120.59536761883646250
246.27519225236028433 120.61787585075944662
244.82895227614790201 120.99604810960590839
244.43597811739891768 125.48777516465634108
244.93812404200434685 127.26454924326390028
250.41938381828367710 127.82639987953007221
251.57626117672771215 126.71645617485046387
251.75700940750539303 121.20366383902728558

[OBSTACLE]
39.38774674572050571 122.73000960983335972
38.25033628009259701 123.17284701578319073
38.68817251548171043 124.32790677435696125
38.87690453324466944 124.35480496753007174
41.15938529465347528 127.40025937277823687
41.94358932226896286 126.81252283975481987
39.75560183823108673 123.89317348133772612

[OBSTACLE]
222.92531003337353468 108.75708928145468235
222.42879020236432552 108.91179937869310379
227.77653676550835371 125.83950656279921532
228.14308528136461973 125.67383613809943199

[OBSTACLE]
135.48544081952422857 120.86291348841041327
135.32366555649787188 121.35110751260071993
139.93648621998727322 122.13508039060980082
140.07496046274900436 121.63658374082297087

[OBSTACLE]
199.49890455976128578 113.32126866746693850
199.50066949147731066 116.57415717747062445
198.90744759514927864 120.05689411610364914
199.29419977124780416 120.07764918170869350
199.83932077884674072 117.02643947117030621
199.96694484073668718 117.00737989880144596
199.88867057207971811 113.32249070517718792

[OBSTACLE]
28.68185470253229141 117.34307914134114981
27.47303853835910559 117.50813490524888039
27.63814522791653872 118.71692077443003654
28.84696139208972454 118.55186501052230597

[OBSTACLE]
51.68454872816801071 98.57101416494697332
47.39835874084383249 103.79022412560880184
47.22812668792903423 103.69177171308547258
46.24300246313214302 106.65102838352322578
45.31348446011543274 105.91216587834060192
40.88128518778830767 111.04770418629050255
41.31077217962592840 111.66649647429585457
41.20565131399780512 111.86975020077079535
40.29961265902966261 111.87831169459968805
40.61353546008467674 113.07957107573747635
42.25818673428148031 113.07297154515981674
44.16298046708106995 115.91642039734870195
47.42221125122159719 117.12625015527009964
47.57974702119827271 116.66400035377591848
50.12466838303953409 117.90578588657081127
51.49827890470623970 115.10134089831262827
52.58214065991342068 115.52593221701681614
52.81668373197317123 114.32821771502494812
49.75681592244654894 113.18600122909992933
51.44016183819621801 111.47392825316637754
51.33979507256299257 108.91458118055015802
49.39754110295325518 107.58762188814580441
49.10513674188405275 107.72110558580607176
47.91944072023034096 105.50086856260895729
48.31548859365284443 104.33211611770093441
52.74062821082770824 99.18177659530192614

[OBSTACLE]
232.68535824771970510 109.24871080927550793
229.37356092222034931 110.10216174274682999
230.80096185673028231 115.64119893684983253
231.06276830658316612 115.57373527437448502
231.13372246176004410 115.85671221558004618
232.70507194288074970 115.46265734639018774
232.63154621887952089 115.16945435572415590
234.11276906449347734 114.78774816449731588

[OBSTACLE]
180.49714685324579477 102.68834380432963371
167.24097449984401464 114.30123409256339073
167.59869911894202232 114.67832711618393660
180.75996987428516150 102.97520826943218708

[OBSTACLE]
26.84130120184272528 111.59541415609419346
26.79331452865153551 112.81446856725960970
28.01239884644746780 112.86248589772731066
28.06038551963865757 111.64343123137950897

[OBSTACLE]
139.56236716359853745 110.44625101890414953
139.42369511257857084 110.93669315613806248
142.74921210668981075 111.81396063230931759
142.74691873509436846 111.95405347179621458
146.17274932656437159 111.90937143843621016
146.19342632405459881 112.03594106901437044
150.05995177943259478 111.39643843099474907
149.97464350704103708 110.89149731770157814
146.12041975278407335 111.52117689512670040
142.76703380234539509 111.42594232875853777

[OBSTACLE]
75.17619045078754425 109.36521320976316929
73.99248026311397552 109.74671838898211718
74.32332744635641575 110.92024514917284250
75.52360258437693119 110.52096297219395638

[OBSTACLE]
200.89371109381318092 95.19709470588713884
192.11466306727379560 95.50089486967772245
191.55865846760571003 98.57881651632487774
199.53074439801275730 104.52127462439239025
199.42980938218533993 110.46578837372362614
199.95003104209899902 110.46741153951734304
199.91734017897397280 105.07209378387778997
200.12728850450366735 104.96593502722680569
201.35778529755771160 105.88315162993967533
205.60646705422550440 101.52606195677071810

[OBSTACLE]
82.46521544549614191 106.27262145560234785
82.51383420638740063 108.18995059002190828
83.88046432659029961 108.47350547742098570
84.67210013978183270 107.70901389978826046
84.01130780577659607 106.58404992707073689

[OBSTACLE]
126.42749105859547853 100.79211088456213474
125.98281047493219376 101.17739157192409039
128.81855028588324785 103.89944486040621996
133.58646117523312569 107.74038764834403992
133.52792065497487783 107.85385409742593765
133.99038524553179741 108.09164696466177702
134.20236776862293482 107.67918426916003227
129.06384121719747782 103.59643200878053904
126.67548223305493593 101.21323412843048573

[OBSTACLE]
152.37859225086867809 96.94500070530921221
149.16455447580665350 100.80604522302746773
148.52459581661969423 102.15705782547593117
151.71295785810798407 105.34541986696422100
153.41790360398590565 106.05581561196595430
157.35041707288473845 102.26501329708844423
157.24376710038632154 100.66532236803323030
153.13687956519424915 96.98328127525746822

[OBSTACLE]
237.64267178066074848 83.55539667326956987
230.79087946377694607 83.96578720863908529
230.80121897254139185 84.09685946814715862
228.71663008723407984 84.69719716534018517
226.47624369338154793 83.91079309862107038
222.17285295389592648 92.24854577332735062
221.80197218805551529 92.16662861127406359
221.49285640195012093 93.56600117497146130
221.05994403641670942 94.40477760415524244
221.27997807413339615 94.52951134555041790
219.87273717951029539 100.70813842117786407
221.33148330543190241 105.19612609501928091
221.70272375550121069 105.08045184519141912
220.46522630564868450 100.86165808886289597
221.75339491758495569 94.79789199493825436
223.12720927875488997 95.57667940668761730
228.40044514928013086 91.54708813410252333
231.21847666241228580 85.57536763045936823
229.80861586891114712 85.08049121126532555
229.81939822621643543 84.80022321548312902
231.33389918971806765 84.39624695945531130
237.67038564011454582 83.94426327478140593

[OBSTACLE]
60.20819780137389898 82.26000220142304897
57.29602210596203804 85.22201344557106495
57.54051070194691420 87.40341994818300009
59.37987641710788012 88.16206072177737951
59.40237147547304630 88.31799263041466475
61.61774272657930851 89.13842035084962845
61.35411058831959963 90.32966062333434820
66.40705542173236609 92.89256055187433958
70.87111393734812737 97.95865549799054861
72.28264244366437197 101.06052095722407103
72.80277664680033922 104.84259950648993254
73.77256107889115810 104.70122969523072243
73.21856889035552740 100.75350913312286139
71.77159794699400663 97.57163277920335531
74.07051525637507439 95.79605481587350368
72.95828322879970074 91.37936006300151348
66.72482022456824780 84.64838174544274807
66.72795434854924679 83.43721427861601114
64.96147903427481651 82.33773679193109274
64.24035026133060455 82.71033554803580046

[OBSTACLE]
34.79000003449618816 103.69999993033707142
34.79000003449618816 104.72000003792345524
35.80999989062547684 104.72000003792345524
35.80999989062547684 103.69999993033707142

[OBSTACLE]
52.52428172808140516 97.01457304041832685
51.89147554989904165 97.81447704322636127
60.08272555004805326 104.36502452008426189
60.71126272156834602 103.69420861359685659
57.61046837642788887 100.82941613625735044
57.52006686292588711 100.96674758102744818

[OBSTACLE]
141.95775322802364826 95.81867615319788456
138.41524180397391319 101.63722298201173544
134.19272762257605791 99.15090199932456017
133.94701937120407820 99.56761803757399321
138.25653749518096447 102.14733183104544878
138.29007252492010593 102.05092776846140623
138.65009930264204741 102.26291096210479736
142.31336511112749577 96.04159281682223082

[OBSTACLE]
136.09196110628545284 92.37822133954614401
132.30551736708730459 98.57520172093063593
132.85757999960333109 98.89583314675837755
136.24087706860154867 92.95304588414728642
137.18859556224197149 93.51108727697283030
137.42114099487662315 93.12038064375519753

[OBSTACLE]
138.36818485707044601 93.63835158199071884
138.11926913820207119 94.05909264273941517
140.54931516107171774 95.48996102996170521
140.78775825630873442 95.08501447550952435

[OBSTACLE]
126.27501899376511574 82.14074939303100109
123.50162258278578520 82.37046763766556978
118.46481698751449585 87.00793270207941532
117.97452268190681934 89.47643321845680475
117.99749179091304541 92.57387013081461191
118.98322044964879751 92.75031629018485546
119.29449969809502363 90.08340850938111544
124.32952109444886446 84.37657066620886326
126.28621488530188799 83.98332743998616934
126.89879968576133251 84.36618717480450869
121.97962856385856867 87.82145807147026062
122.64371268078684807 88.76924282312393188
122.51424141414463520 88.98152550589293242
121.20100490842014551 88.80219905171543360
120.38652912154793739 94.76685519702732563
122.38795228395611048 95.04015067126601934
123.15052538644522429 89.46753331273794174
128.06891087722033262 86.02135840710252523
127.38394273351877928 85.02645177021622658
127.59770180843770504 84.80299442540854216
128.16115950234234333 85.15515018161386251
128.59732984285801649 83.66775118745863438

[OBSTACLE]
58.78430529125034809 89.08854814711958170
58.15211938880383968 89.88899342436343431
63.34959832485765219 94.00070688966661692
63.98243685159832239 93.20076167210936546

[OBSTACLE]
173.07922529056668282 88.84867206867784262
167.76297909766435623 92.81071093492209911
168.00392519030719995 93.14288280997425318
173.29459096305072308 89.23883165605366230

[OBSTACLE]
207.04924596939235926 88.10455853678286076
207.52071647532284260 89.38054204545915127
210.33488012664020061 90.90281901229172945
212.30020978860557079 90.41471154987812042
212.49818087741732597 88.25398587994277477

[OBSTACLE]
155.22084599547088146 88.52658517193049192
153.81904851552098989 88.75443590059876442
154.11234986316412687 90.35835505928844213
155.48074289318174124 90.12552328687161207

[OBSTACLE]
211.65809344314038754 85.18362208083271980
210.21607174538075924 86.24376561678946018
211.03029664605855942 87.75910814665257931
212.56885592546314001 87.48679809551686049
212.65224483050405979 85.54842944536358118

[OBSTACLE]
179.51309423614293337 71.46110911201685667
179.05516387801617384 71.78065198566764593
182.79601759091019630 77.36883034650236368
180.94532493222504854 83.47914587147533894
178.10356585960835218 85.33366398978978395
178.31557628605514765 85.66071318928152323
181.47891624830663204 83.69413319230079651
181.34630365017801523 83.50277765560895205
183.22189565841108561 77.45100541692227125
183.43027875665575266 77.41317761875689030

[OBSTACLE]
152.45343360956758261 35.57874565292149782
151.18626283947378397 36.46495958976447582
151.59016467537730932 37.73617815040051937
151.05346204619854689 38.09538796171545982
150.75109026860445738 46.88666601665318012
153.99616876803338528 57.88366938196122646
149.50278419628739357 61.37595027126371861
149.48729247692972422 63.58124486263841391
146.32617155276238918 62.38535595964640379
144.27580035198479891 67.72517668269574642
147.50093457289040089 68.94543178007006645
149.16758015379309654 64.53993159905076027
149.48014848399907351 64.59821439906954765
149.43867298029363155 70.50238153804093599
150.02338904421776533 70.90346903447061777
150.00115001574158669 71.12722222506999969
134.03691986296325922 77.93529229890555143
133.36461477726697922 79.77986916620284319
136.48759370017796755 85.25570546463131905
137.52848200686275959 85.22627244517207146
137.14451139699667692 83.72599883936345577
137.61961846891790628 83.56802388187497854
136.24551521148532629 79.43542678467929363
152.31846576556563377 73.73314226977527142
152.13023274391889572 73.05106554552912712
152.80101319495588541 72.80877762753516436
156.36578328721225262 75.25403123442083597
163.52635950222611427 68.83567065838724375
163.77718028984963894 69.03253291174769402
162.80569675285369158 70.84996477328240871
163.26422487571835518 71.09507119283080101
167.42989304009824991 63.42867863923311234
168.92047564312815666 54.59355464857071638
168.63971910905092955 54.54642964992672205
168.71685190964490175 54.24546950776129961
165.00233814399689436 47.51812899671494961
153.31799791101366282 36.58971733972430229

[OBSTACLE]
48.82271740213036537 81.97213944420218468
47.22479005344212055 83.72223228774964809
50.38306140527129173 84.01112914923578501
50.34999376628547907 84.28128001559525728
51.60899960156530142 84.46159634180366993
52.39197990670800209 83.48872676678001881
52.14657965954393148 82.12582925986498594
51.15335649531334639 82.21529121883213520
51.19678582157939672 82.11159479245543480

[OBSTACLE]
107.78725679218769073 76.51053845603018999
106.80995066463947296 77.15382142458111048
109.67957218643277884 81.19721549656242132
109.36544300895184278 82.52982288599014282
110.47558018099516630 83.48939766734838486
111.16479775775223970 83.60518074780702591
111.87092553824186325 82.25813767500221729
114.39250400755554438 84.15183514077216387
116.24397145025432110 80.45080478210002184
111.25644023250788450 81.39874743856489658

[OBSTACLE]
154.05084642395377159 77.00941784121096134
153.65096773393452168 83.01611367706209421
155.66650366690009832 83.15029224380850792
156.06638211011886597 77.14358624909073114

[OBSTACLE]
138.74931331351399422 66.10429163835942745
128.31759455054998398 70.49993783887475729
131.54831572342664003 78.16705833654850721
141.98003247007727623 73.77141213696449995

[OBSTACLE]
192.24026045482605696 42.36946737859398127
185.73834893479943275 46.66265527624636889
180.90940195228904486 52.08876541536301374
180.29637927375733852 57.00208586454391479
181.99432986229658127 55.43803070764988661
182.52614621911197901 55.93391089420765638
189.70753660798072815 48.54821838065981865
189.92777119670063257 48.63499380555003881
191.53804859612137079 68.41202968452125788
197.77329628355801105 77.51383455563336611
201.52254573535174131 75.44996585790067911
206.06462158076465130 67.22600175440311432
198.39449297543615103 44.43670218717306852

[OBSTACLE]
204.67824317887425423 71.26207874249666929
204.30488347727805376 71.75360338017344475
210.06650983542203903 75.30986504349857569
210.83240256737917662 75.48625503852963448
211.41252974886447191 75.24465506896376610
211.25112293940037489 74.72253481578081846
209.80562539026141167 74.42091834452003241

[OBSTACLE]
19.58972178678959608 69.75965332519263029
19.30024426057934761 70.95777233690023422
20.02835156209766865 71.58445399720221758
19.90263002552092075 71.82734372466802597
20.06392259337007999 73.54001255054026842
21.58730364125221968 73.88709305226802826
22.41756523028016090 72.13352438062429428
21.65016291663050652 71.41741266567260027
21.60118223261088133 70.53110447805374861
20.29064399283379316 69.79344552662223577

[OBSTACLE]
96.11087726894766092 51.59762223437428474
88.12924970034509897 52.38351714331656694
86.15996000636368990 54.20272819418460131
85.42738055344671011 61.14585403911769390
94.37317449785768986 70.55271474923938513
96.85312582831829786 70.43554418906569481
96.38153594266623259 71.60759956948459148
101.68452185019850731 73.21600780542939901
101.85883288737386465 73.03456597682088614
102.50906123779714108 73.33497961796820164
103.50304656662046909 72.33722045831382275
103.28665640391409397 71.42594982963055372
102.14393550716340542 71.06744677666574717
101.33933801576495171 71.80196663178503513
99.18925295677036047 69.66802185866981745
97.34678531251847744 69.59961358644068241
94.42738279979676008 58.25567845720797777
96.43276328593492508 53.99637220799922943

[OBSTACLE]
129.92871637828648090 44.06990448758006096
122.95137015916407108 45.49561266228556633
122.85719642695039511 45.23748520109802485
117.87728489097207785 47.67340046353638172
118.56045009102672338 48.40071715973317623
118.47777732741087675 48.81231515668332577
116.76009484287351370 48.92111884057521820
116.32067751698195934 50.62820338364690542
115.83117956016212702 50.30579273682087660
106.44900059141218662 65.03964040055871010
106.88517160527408123 65.32277551479637623
106.94281154312193394 65.23023078124970198
112.28066612221300602 69.03542619384825230
112.63326487503945827 68.55877666547894478
107.05318713746964931 64.90290169045329094
110.58242289815098047 59.37552934046834707
113.20125869009643793 61.18813546933233738
116.25725552346557379 63.03954542614519596
117.45921000745147467 61.18010551668703556
117.04407265596091747 60.96382346283644438
116.08698467351496220 62.43741270247846842
110.82489938382059336 58.91772922780364752
116.00336528941988945 51.08927789609879255
118.62426172755658627 52.74665504042059183
118.88767879363149405 52.33718985412269831
123.91865425929427147 49.47945797443389893
124.59621256124228239 52.52748603653162718
125.01031753048300743 52.46104879211634398
123.84354000352323055 45.74959546886384487
130.01392658613622189 44.58302769903093576
130.27003502938896418 46.36747631523758173
130.81063769757747650 46.26426854543387890
130.38599648419767618 44.09496088605374098

[OBSTACLE]
132.82194029819220304 56.98069962766021490
128.12807078473269939 59.69068969320505857
128.31099769100546837 60.00753545947372913
126.50849853921681643 60.46306489314883947
127.83649699203670025 65.71785537526011467
129.79492329619824886 65.22291488666087389
128.87700772099196911 61.59077956713736057
133.83193328231573105 58.73008031211793423

[OBSTACLE]
100.02854353655129671 56.93844997975975275
99.44653994124382734 62.93024630192667246
101.45707642100751400 63.12553984671831131
102.03908001631498337 57.13374352455139160

[OBSTACLE]
140.80288191605359316 52.12465269863605499
140.36871373653411865 52.30465210136026144
141.06016657687723637 53.97251143679022789
140.01019019726663828 56.13977559190243483
141.16977085918188095 59.06773356627672911
144.12953391857445240 60.18521618004888296
147.08468860760331154 58.92227129824459553
146.89932701736688614 58.47413891367614269
143.96689106430858374 59.63429518137127161
141.60117520857602358 58.61996893770992756
140.55102795176208019 56.21706469170749187
141.60909147001802921 53.53667713608592749
141.28439963888376951 53.28612018283456564

[OBSTACLE]
120.14572150539606810 56.24976480007171631
118.61496314778923988 58.61816048156470060
119.00964677799493074 58.87324191164225340
120.55498846899718046 56.51556316763162613

[OBSTACLE]
150.22892375197261572 56.98487097769975662
148.17421915940940380 57.94589406438171864
148.35410413797944784 58.37978246342390776
150.43783435411751270 57.48283772263675928

[OBSTACLE]
110.53885980509221554 53.83331780973821878
108.13284312840551138 54.99923930782824755
108.90564701985567808 56.56866126414388418
111.30583981890231371 55.37272096145898104

[OBSTACLE]
142.26406265422701836 38.64209564123302698
141.78792634140700102 38.85157625004649162
144.59629287756979465 45.13927763700485229
138.48815858922898769 47.62653623335063457
139.35023210011422634 49.71746497601270676
139.78441829793155193 49.53745783865451813
139.09513613861054182 47.87482461892068386
144.98072123434394598 45.54271292965859175
149.30833193007856607 55.98135702777653933
149.74570985417813063 55.80004385486245155
145.41437842324376106 45.23081399593502283
145.32274069264531136 45.29222226142883301
145.16980313882231712 44.90158590767532587
144.95669572427868843 44.98993388563394547

[OBSTACLE]
120.04529975354671478 53.08910346124321222
119.79017334803938866 53.48383032809942961
121.30190333165228367 54.46090038120746613
120.73198057152330875 55.34269832912832499
121.11110796499997377 55.59043965302407742
121.90958607010543346 54.29403279814869165

[OBSTACLE]
22.18686770834028721 47.14454929437488317
19.97492084093391895 47.92373376525938511
20.12105677369982004 50.70283197797834873
21.32409835699945688 52.52386580314487219
24.48928916268050671 51.29761789552867413
24.64876265265047550 49.21694173943251371

[OBSTACLE]
129.05750520993024111 51.25675525330007076
126.29240764025598764 51.80889977980405092
126.37388830538839102 52.24243468977510929
129.15129253361374140 51.75286070816218853

[OBSTACLE]
131.27813366707414389 49.00593396183103323
130.81154332775622606 49.05583546869456768
131.23829448129981756 50.84456349164247513
130.11872456967830658 51.05623169150203466
130.21237048506736755 51.55158843379467726
131.31384016573429108 51.34278100728988647
131.27988922037184238 51.22895388863980770
131.68039563391357660 51.27697427850216627

[OBSTACLE]
85.80442241858690977 44.59041695296764374
85.50029813963919878 46.28355495352298021
86.87476439960300922 47.02663367148488760
88.14498284365981817 45.56007357034832239
87.59300495777279139 44.65633445139974356

[OBSTACLE]
193.45358321163803339 31.04557178262621164
193.07722245901823044 31.16143984161317348
196.38433892093598843 41.23861504718661308
195.83125784993171692 41.32234589941799641
195.57054107822477818 42.86291479598730803
197.36808701884001493 43.59300456661731005
198.04585060849785805 42.77933388669043779
197.53211715258657932 41.06485309451818466
196.66435256786644459 41.19622382894158363
196.57850904390215874 40.86435657739639282
196.83391177561134100 40.76938932016491890
196.56650058273226023 40.33927410934120417

[OBSTACLE]
112.97999988682568073 40.17999996803700924
112.97999988682568073 41.20000007562339306
113.99999999441206455 41.20000007562339306
113.99999999441206455 40.17999996803700924

[OBSTACLE]
103.92835077922791243 18.27759285550564528
86.88527501653879881 22.68132571782916784
83.38219657354056835 27.57021746505051851
81.15922855306416750 36.39270216785371304
82.05318413209170103 39.07136682700365782
92.81482530664652586 38.94220152124762535
104.39084651786834002 30.65159174520522356
109.49389900360256433 32.03240558784455061
115.00719511695206165 29.00557301845401525
123.48678541556000710 30.22260079998522997
127.65530647337436676 29.03858075384050608
134.98930193670094013 33.30695368535816669
136.35012165922671556 31.77875941060483456
137.68275980930775404 32.30032684840261936
138.42678626347333193 31.98685851320624352
139.55619389563798904 32.26429237145930529
140.87207839824259281 31.05106707010418177
139.89531079307198524 29.63532442040741444
138.96753051970154047 29.88241707719862461
138.74994920007884502 28.67812901921570301
137.62841456755995750 28.25801785010844469
136.78384977113455534 28.94872730225324631
128.03623582143336535 22.19293565396219492
115.37034649960696697 20.13592973817139864
114.97390699852257967 19.53845641203224659
114.00854041427373886 19.91469201911240816

[OBSTACLE]
146.87217758968472481 31.68463145196437836
142.85691075865179300 35.45103757083415985
144.09037796407938004 36.02478660084307194
147.14914244972169399 35.08572735451161861
148.21150660514831543 33.39276135712862015

[OBSTACLE]
269.27933191321790218 0.60492058284580708
255.25795602705329657 0.71642018016427755
269.48765055835247040 33.75096559803932905

[OBSTACLE]
185.15850485581904650 6.58453631587326527
184.66067785955965519 6.73481632396578789
189.48990364000201225 22.73875701893121004
189.98724374361336231 22.58899029809981585

[OBSTACLE]
167.51037221308797598 11.85601830109953880
166.40601837821304798 19.79962784238159657
174.34962741192430258 20.90398164186626673
174.36776239704340696 20.77356137521564960
176.29915923718363047 21.07757353316992521
177.08936632145196199 15.05929053667932749
175.19682174827903509 14.81010045018047094
175.45397165697067976 12.96037213411182165

[OBSTACLE]
147.54725388623774052 10.88535538129508495
146.79591653775423765 11.43443997763097286
146.32264177780598402 17.52394825592637062
146.59521993342787027 17.95308246836066246
153.38423956930637360 18.48071759752929211
153.74940008949488401 18.12935713399201632
153.98523800354450941 13.39867977704852819
152.91654855571687222 11.60402972716838121

[OBSTACLE]
62.57968558650463820 13.32083648443222046
58.80498765781521797 14.61157208401709795
57.97050727996975183 15.92208284139633179
54.93215508572757244 14.33300722669810057
52.90142408292740583 14.73423116188496351
52.94850623235106468 16.32620107196271420
56.81113498006016016 17.32525601703673601
56.77272158768028021 17.44924156554043293
57.66713661048561335 18.36113000288605690
59.00499623920768499 18.28861286491155624
59.09553465712815523 17.18038224708288908
62.32739170547574759 15.27553139533847570

[OBSTACLE]
158.87174495402723551 4.35561195947229862
157.05182206537574530 7.25114500522613525
161.89468527305871248 10.29508819617331028
163.71460780315101147 7.39945490378886461
