[SCALE]
1.0

[BORDER]
27.66003216896206141 4.98999989964067936
10.45999999530613422 4.98999989964067936
10.45999999530613422 12.71009603329002857
35.71000990923494101 12.72000403515994549
35.70997988339513540 0.00000000000000000
133.95431310683488846 0.00000000000000000
134.05277200788259506 0.23100603278726339
132.08001713361591101 2.28595905844122171
132.04409852251410484 10.66220614686608315
131.80482669081538916 10.66042549069970846
131.79999334923923016 17.93999986723065376
139.81999986805021763 17.93999986723065376
139.81999986805021763 10.62122728209942579
140.09337234497070312 10.61845789663493633
142.80954409297555685 7.88518661167472601
196.72597037069499493 7.71001306734979153
199.71996602974832058 10.60420896671712399
199.50643960945308208 37.30931676365435123
199.58661227766424417 44.36586801987141371
196.64999969489872456 47.26582137681543827
196.65045059006661177 55.34062234777957201
205.06428691279143095 55.27995924651622772
207.56999993231147528 52.67402763664722443
207.56996010057628155 24.22000011429190636
207.69998181983828545 24.22000011429190636
207.74000762030482292 2.19574994686990976
205.70396910980343819 0.23802907112985849
205.79984099604189396 0.00000000000000000
210.09000006690621376 0.00000000000000000
210.09001998696476221 9.91000013425946236
222.10999986156821251 9.91000013425946236
222.10999986156821251 0.00000000000000000
239.98000006563961506 0.00000000000000000
239.98000006563961506 67.88015000708401203
197.37998987920582294 67.87999006267637014
197.37998987920582294 89.49997989460825920
199.59999009035527706 89.49997989460825920
199.59999009035527706 88.68354094680398703
198.49998998083174229 88.18354084528982639
198.49997988436371088 68.88268426246941090
239.98000006563961506 68.89988597296178341
239.98000006563961506 96.56998003181070089
232.70000009797513485 96.56999989692121744
232.70000009797513485 84.68000006303191185
201.07999991998076439 84.68000006303191185
201.07999991998076439 96.69999987818300724
201.94661017227917910 96.69999987818300724
201.91833015438169241 106.17472214531153440
202.36603939998894930 106.17462784796953201
202.36663933843374252 96.69999987818300724
227.97990012448281050 96.69999987818300724
227.98005331028252840 123.41321701277047396
220.82670230790972710 123.42048017960041761
220.82659759279340506 123.85404258780181408
227.98005595151335001 123.87361284252256155
227.98010020051151514 131.59001999069005251
239.98000006563961506 131.58998014871031046
239.98000006563961506 203.70990199316293001
229.72341809701174498 203.60997701156884432
229.84178063739091158 194.03029306419193745
230.93999998643994331 193.52640411164611578
230.93999998643994331 192.70983369462192059
228.72051682975143194 192.74423342570662498
228.70018311776220798 204.70818000193685293
229.36278154607862234 204.71149005461484194
229.31989641953259706 217.55000011064112186
229.78005735017359257 217.55000011064112186
229.76000007148832083 204.71344606857746840
239.98000006563961506 204.72998392581939697
239.98000006470829248 213.22999993432313204
236.22003224212676287 213.23002014402300119
236.11996771767735481 244.33999993652105331
239.98000006563961506 244.33999011944979429
239.98000006563961506 309.98000000044703484
212.29885226394981146 309.98000000044703484
212.31996789481490850 304.99000010080635548
229.52000007033348083 304.99000010080635548
229.52000007033348083 297.26990396622568369
204.26998986676335335 297.25999596435576677
204.27001989353448153 309.98000000044703484
106.02568691968917847 309.98000000044703484
105.92722801398485899 309.74899397883564234
107.89998264238238335 307.69404094107449055
107.93597352225333452 299.30094024166464806
108.17517286352813244 299.32034328952431679
108.18000671640038490 292.04000013321638107
100.15999990887939930 292.04000013321638107
100.15999990887939930 299.28000009991228580
99.88576480466872454 299.28000009991228580
97.16862139571458101 302.09421376977115870
43.25402964558452368 302.26998688559979200
40.26003403402864933 299.37579103186726570
40.47356045525521040 272.67068324051797390
40.39338749740272760 265.61413197778165340
43.33000036980956793 262.71417862363159657
43.32954947464168072 254.63937765173614025
34.91571315191686153 254.70004075299948454
32.40999863669276237 257.30597391817718744
32.42059640027582645 285.76010006852447987
32.29501486476510763 285.76010006852447987
32.23998925276100636 307.78424726147204638
34.27603090740740299 309.74197091720998287
34.18015902675688267 309.98000000044703484
29.88999999873340130 309.98000000044703484
29.88998007867485285 300.06999986618757248
17.86999991536140442 300.06999986618757248
17.86999991536140442 309.98000000044703484
0.00000000000000000 309.98000000044703484
0.00000000000000000 242.09984999150037766
42.60000989772379398 242.10000993683934212
42.60000989772379398 220.48002010583877563
40.38000997528433800 220.48002010583877563
40.38000997528433800 221.29645905271172523
41.48001008387655020 221.79645915329456329
41.48001989070326090 241.09731573611497879
0.00000000000000000 241.08011402562260628
0.00000000000000000 211.65001985896378756
12.00010005477815866 211.64998983219265938
11.99995666742324829 186.56678291503340006
19.15329746156930923 186.55950970109552145
19.15340247936546803 186.12595741264522076
11.99995403457432985 186.10638718307018280
11.99989986419677734 176.62997989729046822
0.00000000000000000 176.63002002704888582
0.00000000000000000 106.27008791081607342
10.25647711288183928 106.37002195604145527
10.13827890157699585 115.94967964570969343
9.04000007919967175 116.45359588693827391
9.04000007919967175 117.27016630489379168
11.25948323495686054 117.23576657380908728
11.27981694694608450 105.27181999664753675
10.61721822898834944 105.26850994303822517
10.61206297297030687 92.42977588530629873
10.21869620773941278 92.42993404250591993
10.21999999321997166 105.26655393000692129
0.00000000000000000 105.25001607276499271
0.00000000000000000 96.75000006426125765
3.75996782258152962 96.74997985549271107
3.86003234609961510 65.64000009000301361
0.00000000000000000 65.64000009000301361
0.00000000000000000 0.00000000000000000
27.68114751391112804 0.00000000000000000

[OBSTACLE]
3.90999989025294781 284.17000001668930054
3.90999989025294781 302.68999998457729816
15.92999999411404133 302.68999998457729816
15.92999999411404133 284.17000001668930054

[OBSTACLE]
203.69998972956091166 274.89000003226101398
203.73003027774393559 289.76000001654028893
211.35003028716892004 289.76000001654028893
211.31998973898589611 274.89000003226101398

[OBSTACLE]
142.20000248029828072 249.83998916763812304
123.63579910341650248 249.86000457312911749
120.95340775512158871 252.58890647441148758
120.93094122782349586 260.63000000454485416
120.73998822923749685 260.63000000454485416
120.74001079145818949 271.25000000000000000
121.62299911119043827 271.25000000000000000
121.62299508415162563 276.67999999970197678
120.88999358564615250 276.67999999970197678
120.88999965880066156 285.09425316285341978
123.59597688820213079 287.70000659208744764
131.72999994177371264 287.68651670869439840
131.72999994270503521 287.81000657472759485
159.27994985040277243 287.79229348432272673
159.27999007515609264 279.27000007033348083
158.91000008210539818 279.27000007033348083
158.91000008210539818 272.84299995191395283
158.49078183900564909 272.84299995191395283
158.49086393136531115 279.27000007033348083
142.34999993816018105 279.27000007033348083
142.34999993816018105 279.09000006876885891
131.74435779079794884 279.09000006876885891
129.50435189995914698 276.67999999970197678
122.14148973114788532 276.67999999970197678
122.14299615565687418 271.25000026915222406
129.52383451350033283 271.25020034611225128
129.54998168069869280 260.97404253389686346
131.87302926275879145 258.56162494886666536
142.19789759349077940 258.62195862736552954

[OBSTACLE]
172.45999986305832863 237.93989984598010778
161.83999986760318279 237.93992009386420250
161.83999986760318279 238.19994008075445890
153.78594984766095877 238.19992998428642750
151.03811888676136732 240.86251568328589201
151.07499023061245680 248.30000985786318779
150.93999001476913691 248.30000985786318779
150.94002993218600750 258.92000003717839718
158.49019639194011688 258.92000003717839718
158.50828631222248077 265.74897386226803064
158.91000008210539818 265.75002628006041050
158.91000008210539818 258.92000003717839718
159.76009260024875402 258.92000003717839718
159.70002538058906794 249.31394573580473661
162.29423693008720875 246.61995661910623312
172.46000998094677925 246.65993934776633978
172.45999987609684467 239.04993006121367216
178.58998995553702116 239.04999999050050974
178.58998995553702116 246.84414295852184296
181.06614358257502317 249.22859712596982718
180.96002562344074249 276.66595167107880116
178.60651502292603254 279.10998181998729706
178.36974010895937681 278.98000011593103409
167.75000007450580597 278.98000011593103409
167.74998994637280703 287.78680354543030262
186.87416361458599567 287.77999852597713470
189.58000783715397120 285.07415430247783661
189.71000225935131311 240.93574998248368502
187.00413215346634388 238.22989000380039215
178.58998995646834373 238.22989000380039215
178.58998995646834373 238.53000000491738319
172.45999986305832863 238.53000000491738319

[OBSTACLE]
16.35000759363174438 255.13999997358769178
0.65437352657318115 255.14020001515746117
0.73002629354596138 283.76001226343214512
16.32829239591956139 283.74078757595270872

[OBSTACLE]
224.17000007256865501 255.26999986171722412
224.17000007256865501 269.10000012628734112
223.96999997459352016 269.10000012628734112
223.96999997459352016 283.31999986432492733
231.58996433205902576 283.31999986432492733
231.69003587868064642 255.26999986171722412

[OBSTACLE]
53.08999993279576302 254.42000009492039680
53.08999993279576302 262.43999997153878212
87.47000013478100300 262.43999997153878212
87.47000013384968042 255.72996911220252514
97.15999988187104464 255.70003104768693447
97.15999988187104464 262.91424524784088135
100.06001610681414604 265.71426072437316179
100.12358787376433611 282.45989986695349216
108.14357516914606094 282.45989986695349216
108.07998912502080202 257.30573232378810644
105.47402780223637819 254.79999990575015545
97.15999988280236721 254.79999990575015545
97.15999988187104464 255.26983808726072311
87.47000013478100300 255.21006135828793049
87.47000013478100300 254.42000009492039680

[OBSTACLE]
214.41003005020320415 255.62119437847286463
213.69002000335603952 258.32872487138956785
213.68997986149042845 267.33148792013525963
214.40996991842985153 269.64000003319233656

[OBSTACLE]
203.98082564491778612 243.90919154323637486
203.89303412754088640 247.45709417387843132
204.04572558868676424 250.66614370606839657
203.98355501517653465 253.96615810692310333
203.69003997743129730 253.96849957946687937
203.68997001089155674 268.04000011645257473
211.50995716452598572 268.04000011645257473
211.52829320263117552 253.90602976083755493
204.41001033037900925 253.96275091543793678
204.31496985908597708 244.39840450137853622
214.26037270296365023 244.39300412125885487
214.22931157611310482 243.96004598960280418

[OBSTACLE]
229.34566324669867754 224.58991886582225561
229.41666326951235533 244.00996679905802011
222.72669769823551178 243.98796692211180925
222.72680241893976927 244.42470891680568457
229.78650757204741240 244.35529196541756392
229.77119225542992353 224.58997127972543240

[OBSTACLE]
54.14666004851460457 212.18337826244533062
54.14666004851460457 216.58338989503681660
53.84676097426563501 216.58338989503681660
53.80723080132156610 220.48018005117774010
53.17984009161591530 220.48018005117774010
53.17992996238172054 242.10016005206853151
99.20002001337707043 242.10005000606179237
99.20002001337707043 241.63740812055766582
107.57999987713992596 241.56010256987065077
107.57999987713992596 242.23333992995321751
112.08000713400542736 242.23333992995321751
112.08000713400542736 242.63341794535517693
125.00001013278961182 242.53326271288096905
125.00001013278961182 242.03333001583814621
142.50000989995896816 242.03333001583814621
142.50000989995896816 225.01333006098866463
142.20000987593084574 225.01333006098866463
142.20000005979090929 220.41333011724054813
130.17999997735023499 220.41333011724054813
130.17999997735023499 225.01333006098866463
129.88586072158068419 225.01333006098866463
124.98586798552423716 229.91333001200109720
118.57049671839922667 229.91334009636193514
118.57017871644347906 229.77626283280551434
112.08000597916543484 229.81339696981012821
112.08000597916543484 230.21334011480212212
107.57999987713992596 230.21334011480212212
107.57999987713992596 241.04174612648785114
99.20002000872045755 240.98847346846014261
99.20000990293920040 218.48008002713322639
87.17999998852610588 218.48009998165071011
87.17999998852610588 220.70009988732635975
87.99643922597169876 220.70009988732635975
88.49646942317485809 219.60003321524709463
98.20035628136247396 219.49894105084240437
98.18002953659743071 240.98007284011691809
90.76669991947710514 240.99709648638963699
90.76669991947710514 240.40331000834703445
95.16670362930744886 240.40329990442842245
95.16242650058120489 228.43632435798645020
90.76667999848723412 228.38573432248085737
90.76667999848723412 228.08338595461100340
71.36075616534799337 228.08328408189117908
66.46666996367275715 223.18922786973416805
66.46665985137224197 216.58336997404694557
66.16227301117032766 216.58336997404694557
66.07031313702464104 212.18538177106529474

[OBSTACLE]
7.18000006303191185 226.98000004887580872
7.18000006303191185 238.99999986402690411
38.79999995231628418 238.99999986402690411
38.79999995231628418 226.98000004887580872

[OBSTACLE]
212.34402762167155743 134.47999991569668055
196.86000007577240467 134.48001002892851830
196.86000007577240467 142.50000991299748421
203.93595688976347446 142.50000008940696716
206.93000011425465345 145.39424168132245541
206.93000011425465345 165.63148756790906191
203.27272963244467974 165.56894817482680082
203.27080069947987795 166.06299109850078821
206.93000011425465345 166.05169086717069149
206.93000011425465345 189.56637913454324007
203.33671160135418177 189.46681027673184872
203.33455922920256853 189.99585562665015459
206.93000025954097509 189.98668551445007324
206.93019972555339336 203.79913174547255039
206.76726061478257179 203.76653975062072277
206.79481632821261883 204.38407597411423922
206.93067687656730413 204.44951379951089621
206.93998711649328470 216.98604462575167418
204.23318185750395060 219.86921685934066772
203.58948787488043308 219.76758741028606892
203.08412755187600851 218.66887992620468140
202.26771993935108185 218.66887992620468140
202.26771993935108185 220.88597348239272833
204.07960429787635803 220.88894363865256310
204.03994411323219538 227.99999996088445187
212.45424746349453926 227.99999996088445187
214.95999170094728470 225.39402604475617409
214.95099437050521374 204.88159283436834812
220.68779989145696163 204.88891278207302094
220.68789995182305574 192.86889995541423559
218.46786023024469614 192.86889005079865456
218.46784991770982742 193.68532902933657169
219.56761433463543653 194.18521753698587418
219.54675112944096327 194.73876282386481762
219.66769212763756514 194.69338243082165718
219.56791863311082125 203.88613421749323606
214.95023983623832464 203.85557597782462835
214.94998995959758759 169.40000012516975403
218.06606518663465977 169.40000012516975403
218.04998464789241552 158.87999800965189934
214.94999999180436134 158.87999887578189373
214.94999999180436134 136.98574267979711294

[OBSTACLE]
104.73002393450587988 169.54199992492794991
104.71483403537422419 175.88001009449362755
104.38000004179775715 175.88001009449362755
104.38000004086643457 178.10002024751156569
105.19643902499228716 178.10000993497669697
105.69644730724394321 176.99999182671308517
141.88357076235115528 176.99998999014496803
142.38357086293399334 178.09999009594321251
143.20001009851694107 178.09999009594321251
143.20001009851694107 176.80676475539803505
154.00023325998336077 176.82040452864021063
154.08997259102761745 217.10328367166221142
153.94786039460450411 217.02720249816775322
153.96771998517215252 225.44450718723237514
156.55593784060329199 227.94999536685645580
191.90003005787730217 227.99054146278649569
191.90003005787730217 220.86998002603650093
192.52004172280430794 220.86998002603650093
192.51046375557780266 218.56219940353184938
191.70324187073856592 218.65065972972661257
191.20355101581662893 219.74997983966022730
181.48837117664515972 219.74986022990196943
181.61987807974219322 207.85286282282322645
188.00349758844822645 207.96985279396176338
188.50356082804501057 209.06996991485357285
189.31998990476131439 209.06996991485357285
189.31998990476131439 206.84995986428111792
180.49998991657048464 206.84998011868447065
180.50000002142041922 219.96512737218290567
164.96397182531654835 219.93001889716833830
162.24058301839977503 217.37002450786530972
162.33568477816879749 217.13000010699033737
165.22606540098786354 217.13000010699033737
165.20998486317694187 206.61000001616775990
162.10980154573917389 206.61000001616775990
162.09845649730414152 193.11052617896348238
161.99001080729067326 193.16392407566308975
161.99894315283745527 179.97654302045702934
180.40476309973746538 179.98187721055001020
180.43001310527324677 199.20998994261026382
189.25000315345823765 199.20998994261026382
189.24928673356771469 196.96592847071588039
188.43347456119954586 196.99017957504838705
187.93351540993899107 198.09009022545069456
181.42950940877199173 198.19171522371470928
181.44391112960875034 179.45544638857245445
181.55572577007114887 179.47090353071689606
181.54989978857338428 178.88993825670331717
162.35007817298173904 178.98994780331850052
162.34242783859372139 172.48917712364345789
163.44998992048203945 172.00655062217265368
163.44998992048203945 171.18999990075826645
161.22996882628649473 171.18999990075826645
161.23235876671969891 172.32002988830208778
153.99020764697343111 172.32002988830208778
153.99939044844359159 176.44207709562033415
143.20001009851694107 176.43299158103764057
143.20001009851694107 175.87998987920582294
105.94446869380772114 175.88001008797436953
105.95000875089317560 169.54199992492794991

[OBSTACLE]
38.06166991032660007 203.80527785420417786
37.61396066471934319 203.80537215154618025
37.61336072720587254 213.28000012226402760
7.28007270395755768 213.28000012226402760
7.19232659880071878 225.29935966338962317
38.89999985694885254 225.30000013951212168
38.89999985694885254 213.28000012226402760
38.03338989336043596 213.28000012226402760

[OBSTACLE]
70.66318680718541145 213.11592048779129982
70.64971787482500076 213.59999000374227762
77.31995544489473104 213.60000010859221220
77.27630549203604460 223.39784489572048187
77.68938914313912392 223.39887510333210230
77.66998115181922913 213.18009091913700104

[OBSTACLE]
99.09999008290469646 139.27997904457151890
96.86650190316140652 139.28020104672759771
96.88010671734809875 140.09646774083375931
97.97999886516481638 140.59642858617007732
97.97317126579582691 176.76916371565312147
96.87999997660517693 177.28367436770349741
96.87999997660517693 178.10002012178301811
97.99313679896295071 178.10002012178301811
97.99000347033143044 187.47999989800155163
64.77991986460983753 187.47999989800155163
64.77992996759712696 188.16004019044339657
58.28663005866110325 188.16008003428578377
58.28663005866110325 188.46008002012968063
53.88662987388670444 188.46009994018822908
53.88669002521783113 200.48010004498064518
58.28669992648065090 200.48008012399077415
58.28669992648065090 200.78002898767590523
77.80670009553432465 200.88002134487032890
77.80670009553432465 200.75949588790535927
90.70669991895556450 200.77991576772183180
90.70669991895556450 200.47989987768232822
95.10670011118054390 200.47987995855510235
95.10662995651364326 188.50032678898423910
98.20025094691663980 188.59979335311800241
98.18001934047788382 209.98014987166970968
89.09999990742653608 210.08964862301945686
89.09999990835785866 209.98005004040896893
88.49643903691321611 209.98005004040896893
87.99643922504037619 208.88004993461072445
87.17999998852610588 208.88004993461072445
87.17999998759478331 211.10004987288266420
99.20000991225242615 211.10002991836518049
99.20000008773058653 187.47999989800155163
98.51000229362398386 187.47999989800155163
98.51220766641199589 178.10002012178301811
99.09999990183860064 178.10002012178301811
99.09999008476734161 141.09985089674592018
105.53000000212341547 141.00986114609986544
105.53000000305473804 139.79001230932772160
99.09999008290469646 139.78216228354722261

[OBSTACLE]
115.16456268727779388 188.35384970623999834
115.11123225465416908 188.75998990051448345
110.51000505778938532 188.75998990051448345
110.50999696180224419 200.77999000437557697
115.11111249867826700 200.77999000437557697
115.15927733387798071 201.18622910790145397
124.71590098366141319 201.08004623837769032
129.71585095394402742 206.07999996282160282
129.90873410180211067 206.07999996282160282
129.85728915501385927 210.58172995224595070
141.87730419076979160 210.58172995224595070
141.92186667118221521 205.94614828936755657
141.72997932694852352 205.94636839721351862
141.72894950117915869 188.38531187921762466

[OBSTACLE]
24.56997995637357235 186.11001902166754007
24.56997995637357235 186.57007949147373438
37.66059998702257872 186.54469934292137623
37.62165051233023405 199.56515891011804342
38.03541012480854988 199.56977218110114336
38.02203003410249949 186.16501078382134438

[OBSTACLE]
192.04914084263145924 176.46974485460668802
192.09998060669749975 189.46913317870348692
191.97505002189427614 189.46892403904348612
191.94989799894392490 190.07057659793645144
198.61768734641373158 189.99010705668479204
198.62238165270537138 190.12061512749642134
199.22002001665532589 190.08948249462991953
199.22002001665532589 189.46983597893267870
192.42850125301629305 189.47369790263473988
192.62426171265542507 176.47003509290516376

[OBSTACLE]
170.47999994270503521 187.97999999858438969
170.47999994270503521 188.99999991059303284
171.50000014342367649 188.99999991059303284
171.50000014342367649 187.97999999858438969

[OBSTACLE]
77.95973450411111116 151.03999804146587849
75.15354926232248545 151.18907856289297342
70.14317929185926914 151.08401998225599527
70.14333078265190125 153.33334100060164928
71.96333012543618679 153.33333808183670044
71.96333012543618679 151.73327340465039015
77.94999995641410351 151.69506411906331778
77.94999995641410351 164.49000109359622002
77.78554638754576445 164.49000109359622002
75.68376228399574757 166.82530925609171391
75.13133518304675817 166.81901844963431358
75.16379969380795956 166.11334943026304245
73.37230376340448856 166.11001024674624205
73.44938412494957447 167.48771535977721214
68.08001002296805382 167.48022403754293919
68.08001002296805382 167.29999008402228355
54.87916021607816219 167.30001000408083200
54.97914020065218210 160.59000104479491711
54.35897927172482014 160.59000193979591131
54.36002061888575554 175.32000991050153971
67.91000006161630154 175.31998998858034611
67.91000006161630154 175.49998614564538002
74.64998000673949718 175.50938596483319998
74.64998000673949718 177.70013814698904753
68.76087747421115637 177.79996360372751951
68.19283666927367449 177.68853864818811417
67.66625116020441055 176.59998989105224609
66.84997989237308502 176.59998989105224609
66.84999008942395449 178.81994203571230173
75.61768463812768459 178.86218767613172531
75.66319521982222795 175.51000013016164303
83.29391865152865648 175.51000013016164303
86.00000595115125179 173.00436354707926512
85.96998646389693022 151.03999890759587288

[OBSTACLE]
27.52575260214507580 81.98000003956258297
25.02000836376100779 84.58597395475953817
25.02900569327175617 105.09840716421604156
19.29220017325133085 105.09108721744269133
19.29209982324391603 117.11110004410147667
21.51213983446359634 117.11110994871705770
21.51215014699846506 116.29467097017914057
20.41238572914153337 115.79478246159851551
20.43324893526732922 115.24123717285692692
20.31230793613940477 115.28661756496876478
20.41208143066614866 106.09386578109115362
25.02975993882864714 106.12442402075976133
25.03000981733202934 140.57999987527728081
21.91393459029495716 140.57999987527728081
21.93001541681587696 151.10000198986381292
25.03000007290393114 151.10000112373381853
25.03000007290393114 172.99425732064992189
27.63597215432673693 175.50000008381903172
43.11999998893588781 175.49998997058719397
43.11999998986721039 167.47999008651822805
36.04404317401349545 167.47999990917742252
33.04999994952231646 164.58575831726193428
33.04999994952231646 144.34851243067532778
36.70727043226361275 144.41105182468891144
36.70919936522841454 143.91700890101492405
33.04999994952231646 143.92830913141369820
33.04999994952231646 120.41362086404114962
36.64328816812485456 120.51318972278386354
36.64544084109365940 119.98414437286555767
33.04999980516731739 119.99331448413431644
33.04980005044490099 106.18086825218051672
33.21273915469646454 106.21346024516969919
33.18518373928964138 105.59592402819544077
33.04932318720966578 105.53048615902662277
33.04001294728368521 92.99395537283271551
35.74681820627301931 90.11078313924372196
36.39051218889653683 90.21241258829832077
36.89587251376360655 91.31112007424235344
37.71228012628853321 91.31112007424235344
37.71228012628853321 89.09402651712298393
35.90039576590061188 89.09105635900050402
35.94005595147609711 81.98000003956258297

[OBSTACLE]
199.25037856306880713 165.49999005440622568
192.02984721586108208 165.50001003127545118
192.13000743649899960 172.11015640571713448
192.02821258082985878 172.72001006640493870
192.64993053115904331 172.72001006640493870
192.65545947477221489 172.10552987828850746
192.53562340699136257 172.10445903800427914
192.54997642710804939 166.02001007087528706
198.66794155165553093 166.01998992450535297
198.67928136512637138 166.16912520956248045
199.22586932871490717 166.17712209839373827

[OBSTACLE]
152.80000007711350918 98.87995012663304806
140.77998986281454563 98.87997008115053177
140.77999997697770596 122.50000010244548321
141.58991528488695621 122.50000010244548321
141.52007425576448441 131.87997987866401672
140.87999987788498402 131.87997987866401672
140.87999987788498402 169.02068904042243958
134.58999987132847309 169.01999902538955212
134.58999987132847309 170.23994535394012928
140.87999987695366144 170.27449528034776449
140.87999987695366144 170.70002095494419336
143.11349816154688597 170.69979895278811455
143.09989334736019373 169.88353225868195295
141.99999998230487108 169.38357085920870304
141.90000007767230272 133.83744646143168211
142.00675624515861273 133.21087043080478907
143.10000008903443813 132.69632563088089228
143.10000008903443813 131.87997987866401672
142.02898735087364912 131.87997987866401672
141.97005304973572493 122.50000010244548321
175.20008020102977753 122.50000010244548321
175.20007009524852037 121.81995980814099312
181.69337000604718924 121.81991996522992849
181.69337000604718924 121.51991997845470905
186.09337019082158804 121.51990005932748318
186.09331003949046135 109.49989995453506708
181.69330013915896416 109.49991987459361553
181.69330013915896416 109.19997101183980703
162.17329997010529041 109.09997865464538336
162.17329997010529041 109.22050411067903042
149.27329985797405243 109.20008423179388046
149.27329985797405243 109.50010012090206146
144.87329995352774858 109.50012004096060991
144.87336981855332851 121.47967320866882801
141.77974911686033010 121.38020664546638727
141.79998072329908609 99.99985012691468000
150.87999986764043570 99.89035137556493282
150.87999986857175827 99.99994996003806591
151.48356074094772339 99.99994996003806591
151.98356084153056145 101.09995006583631039
152.80000007711350918 101.09995006583631039

[OBSTACLE]
111.48984970059245825 156.82047748100012541
110.99073039181530476 156.82168110646307468
110.96218397654592991 164.04231263417750597
118.18283113464713097 163.97960903123021126
118.18495667073875666 163.51001168973743916
111.39191437698900700 163.42235517501831055

[OBSTACLE]
128.42222495377063751 156.79768064897507429
128.42222495377063751 157.41777705028653145
128.53675397392362356 157.41777705028653145
128.52224689628928900 163.49779953807592392
122.44222605507820845 163.51278142165392637
122.44222605507820845 163.39777712151408195
121.82222606986761093 163.39777592848986387
121.82222487684339285 164.01792803779244423
129.04237762279808521 164.01777595281600952
128.94224013481289148 157.40869673714041710
129.06379421800374985 156.80376216024160385

[OBSTACLE]
164.36231542658060789 131.11781232338398695
164.31680484581738710 134.46999987028539181
156.68608141411095858 134.46999987028539181
153.97999411355704069 136.97563645243644714
154.01001360081136227 158.94000109191983938
162.02026556059718132 158.94000195804983377
164.82645051367580891 158.79092143569141626
169.83682077284902334 158.89598001725971699
169.83666928205639124 156.64665899891406298
168.01666993927210569 156.64666191767901182
168.01666993927210569 158.24672659393399954
162.03000010829418898 158.28493587952107191
162.03000010922551155 145.48999890685081482
162.19445367809385061 145.48999890685081482
164.29623777978122234 143.15469074249267578
164.84866488073021173 143.16098154895007610
164.81620037090033293 143.86665056925266981
166.60769630130380392 143.86998975276947021
166.53061593882739544 142.49228463880717754
171.89999004080891609 142.49977596104145050
171.89999004080891609 142.68000991549342871
185.10083984769880772 142.67998999450355768
185.00085986405611038 149.38999895472079515
185.62102079298347235 149.38999805971980095
185.61997915618121624 134.65999008901417255
172.07000000402331352 134.66001001000404358
172.07000000402331352 134.48001385387033224
165.33002005796879530 134.47061403375118971
165.33002005796879530 132.27986185159534216
171.21912258956581354 132.18003639485687017
171.78716339450329542 132.29146135039627552
172.31374890543520451 133.38001010939478874
173.13002017326653004 133.38001010939478874
173.13000997528433800 131.16005796380341053

[OBSTACLE]
185.53341247420758009 154.91263154242187738
184.95673810970038176 154.91333802603185177
184.95129157137125731 155.52781193889677525
185.07015529368072748 155.52880113385617733
185.05678519140928984 158.50771462917327881
175.74177530687302351 158.41343909781426191
175.73020601272583008 158.26558760646730661
175.15654351469129324 158.26721628475934267
175.15633658412843943 158.86824455205351114
185.57677902188152075 158.93338835518807173

[OBSTACLE]
119.48000007681548595 154.47999989986419678
119.48000007681548595 155.50000010058283806
120.49999998882412910 155.50000010058283806
120.49999998882412910 154.47999989986419678

[OBSTACLE]
54.40322075411677361 151.04661164432764053
54.44658730179071426 155.06736845709383488
55.02326195966452360 155.06666197348386049
55.02870819997042418 154.45218805875629187
54.90984448138624430 154.45119886286556721
54.92321487236768007 151.47228537034243345
64.23822475597262383 151.56656090077012777
64.24979405105113983 151.71441239304840565
64.82345655001699924 151.71278371475636959
64.82366348057985306 151.11175544746220112

[OBSTACLE]
110.93776988610625267 145.96042436547577381
110.93777108751237392 146.58403357118368149
111.03777214605361223 146.56736663170158863
111.03778309281915426 152.57122845854610205
110.91567119490355253 153.17604732140898705
111.55778408050537109 153.18232612498104572
111.55778288748115301 152.56222699210047722
111.44325386360287666 152.56222699210047722
111.45774712599813938 146.48220448289066553
117.53776996675878763 146.46720964834094048
117.53776996769011021 146.58221510238945484
118.15776997245848179 146.58221510238945484
118.15776997245848179 145.96206241473555565
111.54852223675698042 146.06221544370055199

[OBSTACLE]
129.01781645044684410 145.93768736906349659
121.79716979712247849 146.00038605369627476
121.79504426103085279 146.46998917683959007
128.58808540087193251 146.55764482636004686
128.49015209916979074 153.15952130965888500
128.98901236709207296 153.15832096897065639

[OBSTACLE]
47.42467395681887865 137.25839926488697529
47.32830787915736437 137.88000510912388563
47.43000007607042789 137.87987301684916019
47.43000007513910532 143.95998992864042521
41.31218128558248281 143.96001007407903671
41.30089149903506041 143.81096612941473722
40.75413050223141909 143.80287628248333931
40.72962150722742081 144.48000994510948658
47.95002342667430639 144.47998996730893850
47.93304650392383337 137.25962389074265957

[OBSTACLE]
48.07997000776231289 81.98945853672921658
48.07997000776231289 89.11001997441053391
47.45995834283530712 89.11001997441053391
47.46953630913048983 91.41780059598386288
48.27675819303840399 91.32934026978909969
48.77644904796034098 90.23002015892416239
58.49162888713181019 90.23013976868242025
58.36012198403477669 102.12713717576116323
51.97650247346609831 102.01014720462262630
51.47643894702196121 100.91003008559346199
50.66000987216830254 100.91003008559346199
50.66000987123697996 103.13004013523459435
59.48001014813780785 103.13001988083124161
59.48000004235655069 90.01487262640148401
75.01602823846042156 90.04998110141605139
77.73941704630851746 92.60997549165040255
77.64431528747081757 92.84999989345669746
74.75393466465175152 92.84999989345669746
74.77001520246267319 103.36999998427927494
77.87019851990044117 103.36999998427927494
77.88154356740415096 116.86947383638471365
77.98998896777629852 116.81607593875378370
77.98105691000819206 130.00345697812736034
59.57523696403950453 129.99812278803437948
59.54998696036636829 110.77001005783677101
50.73000010475516319 110.77001005783677101
50.73000010475516319 112.99000998027622700
51.54643905162811279 112.99000998027622700
52.04648465197533369 111.88990977220237255
58.43005477916449308 111.79016658384352922
58.53151219896972179 130.54383392632007599
58.42574645858258009 130.53734213020652533
58.43007845338433981 131.09006185643374920
77.62992189079523087 130.99005219526588917
77.63757222518324852 137.49082287307828665
76.53000985644757748 137.97344937641173601
76.53000985644757748 138.79000009968876839
78.75003123935312033 138.79000009968876839
78.74764129891991615 137.65997011214494705
85.98979241866618395 137.65997011214494705
85.98043094761669636 133.45773363113403320
96.77998996526002884 133.47557205148041248
96.77998996619135141 134.10000001266598701
133.97056475747376680 134.09998990781605244
133.98001481406390667 140.52000006660819054
135.20001310016959906 140.52000006660819054
135.19168295059353113 134.09998990595340729
135.60000002384185791 134.09998990595340729
135.60000002384185791 131.87998998351395130
134.78356078732758760 131.87998998351395130
134.28355275467038155 132.98000817187130451
98.09642901457846165 132.97999990545213223
97.59642920456826687 131.88000008836388588
96.77998996712267399 131.88000008836388588
96.77998996712267399 133.09291587583720684
85.97958855424076319 133.07959479372948408
85.89002718497067690 92.87671632412821054
86.03213937953114510 92.95279749855399132
86.01228008046746254 84.53549281228333712
83.42406222410500050 82.03000463265925646

[OBSTACLE]
40.75998004898428917 119.88820592127740383
40.75998004898428917 120.51016052346676588
47.45990224927663803 120.41015167534351349
47.35993173904716969 133.51023435965180397
48.02079017274081707 133.49504369869828224
47.99706553667783737 132.88930949196219444
47.88008723594248295 132.88943890016525984
47.98006831668317318 119.88984616287052631
41.37085204012691975 119.98999749403446913

[OBSTACLE]
201.94458993989974260 110.41022781841456890
201.95797003060579300 123.81498921569436789
215.41002010833472013 123.86998097784817219
215.41002010833472013 123.40992050804197788
202.31940007675439119 123.43530065566301346
202.35834955237805843 110.41484108939766884

[OBSTACLE]
68.47999992221593857 120.98000008985400200
68.47999992221593857 122.00000000186264515
69.50000012293457985 122.00000000186264515
69.50000012293457985 120.98000008985400200

[OBSTACLE]
98.10269558522850275 99.39827004820108414
98.05813339352607727 104.03385170921683311
98.25002044811844826 104.03363160043954849
98.25105056352913380 121.59468812029808760
124.81543737743049860 121.62615029327571392
124.86876781098544598 121.22001009993255138
129.46999500785022974 121.22001009993255138
129.47000310383737087 109.20000999607145786
124.86888728383928537 109.20000999607145786
124.82072273641824722 108.79377089161425829
115.26409908011555672 108.89995376020669937
110.26414911169558764 103.90000003762543201
110.07126596383750439 103.90000003762543201
110.12271091062575579 99.39827004820108414

[OBSTACLE]
127.89999293163418770 67.34658205416053534
114.97998993191868067 67.44673728663474321
114.97998993285000324 67.94666998460888863
97.47998987697064877 67.94666998460888863
97.47998987697064877 84.96666993945837021
97.77998990193009377 84.96666993945837021
97.78000000584870577 89.56666988320648670
109.80000008828938007 89.56666988320648670
109.80000008828938007 84.96666993945837021
110.09413905534893274 84.96666993945837021
114.99413207825273275 80.06666998658329248
121.40950307808816433 80.06665990222245455
121.40982136968523264 80.20373716671019793
127.89999408647418022 80.16660302970558405
127.89999408647418022 79.76665988564491272
132.39999989978969097 79.76665988564491272
132.39999989978969097 68.93825387209653854
140.77998005598783493 68.99152652919292450
140.77998987212777138 91.49991997238248587
152.80000007711350918 91.49990001786500216
152.80000007711350918 89.27990011312067509
151.98356084246188402 89.27990011312067509
151.48353035282343626 90.37996678333729506
141.77964378241449594 90.48105894867330790
141.79997052717953920 68.99992715846747160
149.21329985745251179 68.98290351312607527
149.21329985745251179 69.57668999023735523
144.81329643540084362 69.57670009508728981
144.81757356412708759 81.54367564152926207
149.21332006715238094 81.59426567610353231
149.21332006715238094 81.89661404490470886
168.61924389842897654 81.89671591669321060
173.51333009917289019 86.79077212791889906
173.51333992648869753 93.39663002640008926
173.81772676669061184 93.39663002640008926
173.90968692861497402 97.79461822845041752
185.83334001712501049 97.79662173707038164
185.83334001712501049 93.39661010541021824
186.13323909230530262 93.39661010541021824
186.17276897653937340 89.49981994926929474
186.80015997402369976 89.49981994926929474
186.80007010232657194 67.87983994744718075
140.77998005226254463 67.87994999345391989
140.77998005226254463 68.34259187802672386
132.39999989978969097 68.41989742871373892
132.39999989978969097 67.74666007049381733
127.89999293163418770 67.74666007049381733

[OBSTACLE]
162.29061092156916857 86.58112489618360996
162.31001891288906336 96.79990908037871122
169.31681325752288103 96.86407951172441244
169.33028218988329172 96.38000999577343464
162.66004461888223886 96.37999988999217749
162.70369457267224789 86.58215510379523039

[OBSTACLE]
10.15428025554865599 65.53667353652417660
10.19331972394138575 85.39000354893505573
10.64450589567422867 85.39029657747596502
10.63310590945184231 65.96070822514593601
17.25330240372568369 65.98601826466619968
17.25319764111191034 65.55535638518631458

[OBSTACLE]
201.18000011332333088 70.98000013642013073
201.18000011332333088 82.99999995157122612
232.80000000260770321 82.99999995157122612
232.80000000260770321 70.98000013642013073

[OBSTACLE]
72.23001011833548546 22.19319645408540964
53.10583645012229681 22.20000147353857756
50.39999222755432129 24.90584569703787565
50.26999780535697937 69.04425001703202724
52.97586791217327118 71.75010999664664268
61.39001010917127132 71.75010999664664268
61.39001010917127132 71.44999999552965164
67.51999991387128830 71.44999999552965164
67.51999991387128830 72.04010015353560448
78.13999990839511156 72.04007990565150976
78.13999990839511156 71.78005991782993078
86.19405021704733372 71.78007001522928476
88.94188088737428188 69.11748431622982025
88.90500983409583569 61.67999014258384705
89.04001005087047815 61.67999014258384705
89.03996984474360943 51.05999996326863766
81.48980367369949818 51.05999996326863766
81.47171375248581171 44.23102613724768162
81.06999998353421688 44.22997371945530176
81.06999998353421688 51.05999996326863766
80.21990717481821775 51.05999996326863766
80.27997468411922455 60.66605426277965307
77.68576313368976116 63.36004337947815657
67.51999008469283581 63.32006065174937248
67.51999989990144968 70.93006993737071753
61.39001010917127132 70.93000000808387995
61.39001010917127132 63.13585704099386930
58.91385648120194674 60.75140287261456251
59.01997444033622742 33.31404832750558853
61.37348504085093737 30.87001817952841520
61.61025995574891567 30.99999988451600075
72.22999999113380909 30.99999988451600075

[OBSTACLE]
28.47004290111362934 41.93999988399446011
28.45170686207711697 56.07397023867815733
35.56998973339796066 56.01724908314645290
35.66503020469099283 65.58159549720585346
25.72073184605687857 65.58699527941644192
25.70482645556330681 66.01829732768237591
35.99917438626289368 66.07080981694161892
36.08696593716740608 62.52290582563728094
35.93427447602152824 59.31385628692805767
35.99644476082175970 56.01384188979864120
36.28996008727699518 56.01150041911751032
36.29003005474805832 41.93999988399446011

[OBSTACLE]
108.25000012107193470 22.16999342478811741
80.70004992559552193 22.18770651519298553
80.70000998955219984 30.70999993011355400
81.06999998353421688 30.70999993011355400
81.06999998353421688 37.13700004853308201
81.48921822663396597 37.13700004853308201
81.48913613427430391 30.70999993011355400
97.63000012747943401 30.70999993011355400
97.63000012747943401 30.88999993167817593
108.23564227484166622 30.88999993167817593
110.47564816568046808 33.30000000074505806
117.83851033449172974 33.30000000074505806
117.83700390812009573 38.72999972943216562
110.45616555120795965 38.72979965340346098
110.43001838307827711 49.00595746468752623
108.10697080101817846 51.41837504971772432
97.78210247121751308 51.35804137215018272
97.77999758441001177 60.14001083187758923
116.34420096129179001 60.11999542638659477
119.02659230958670378 57.39109352510422468
119.04905883781611919 49.34999999590218067
119.24001183640211821 49.34999999590218067
119.23998927418142557 38.73000000044703484
118.35700095444917679 38.73000000044703484
118.35700498148798943 33.30000000074505806
119.09000647999346256 33.30000000074505806
119.09000040590763092 24.88574683666229248
116.38402317650616169 22.27999340742826462
108.25000012107193470 22.29348328988999128

[OBSTACLE]
131.83642460778355598 27.52010013349354267
131.90001065097749233 52.67426767665892839
134.50598825421184301 55.18001547083258629
142.81988989561796188 55.14830179512500763
142.81988989561796188 54.70886319689452648
152.50999993085861206 54.76993731036782265
152.50999993085861206 55.55999990552663803
186.89000013284385204 55.55999990552663803
186.89000013284385204 47.54000002890825272
152.50999993085861206 47.54000002890825272
152.50999992992728949 54.25003088638186455
142.81990013923496008 54.27996894996613264
142.81999995186924934 47.06575480848550797
139.91998395696282387 44.26573927607387304
139.85641219187527895 27.52010013349354267

[OBSTACLE]
239.24997345358133316 26.21997686196118593
223.67491562757641077 26.25612318888306618
223.62998433504253626 54.84000002592802048
239.32562653813511133 54.83979998435825109

[OBSTACLE]
8.39003573358058929 26.66000013612210751
8.28996418695896864 54.71000013872981071
15.80999999307096004 54.71000013872981071
15.80999999307096004 40.87999987415969372
16.01000009104609489 40.87999987415969372
16.01000009104609489 26.66000013612210751

[OBSTACLE]
25.58708647359162569 40.33883987553417683
25.56997001450508833 54.35880562104284763
26.28998006135225296 51.65127512719482183
26.29001991450786591 42.64851208031177521

[OBSTACLE]
28.62996977753937244 20.21999998390674591
28.66001003701239824 35.08999996818602085
36.28001033607870340 35.08999996818602085
36.24996978789567947 20.21999998390674591

[OBSTACLE]
224.05000007152557373 7.29000001586973667
224.05000007152557373 25.80999998375773430
236.06999988667666912 25.80999998375773430
236.06999988667666912 7.29000001586973667
