[SCALE]
1.0

[BORDER]
334.97999984305351973 71.23675854410976171
319.28659892454743385 74.09850965347141027
313.65845630876719952 76.11520254984498024
313.80077655427157879 68.12097996287047863
312.58097943384200335 68.09922351595014334
312.41682299040257931 77.31775490753352642
313.70158673450350761 77.33622505888342857
319.27039096597582102 75.31769762560725212
334.97999984305351973 72.54991567321121693
334.97999984305351973 87.09991719387471676
326.85197003372013569 88.54090878739953041
323.54922904353588820 88.57431048061698675
316.10430882405489683 90.11078613065183163
312.94106686953455210 91.37704358994960785
309.54732451122254133 96.32838089670985937
293.65019864682108164 107.08297448791563511
279.42620999924838543 113.12491473369300365
276.52300153207033873 113.14570676255971193
273.03435423783957958 113.80248243547976017
270.48642852995544672 115.62845074385404587
268.46349640004336834 118.48664257489144802
269.14639655966311693 121.88540859986096621
271.47892661672085524 124.23980179987847805
274.63542218971997499 125.51371792051941156
278.03813110291957855 125.48279000446200371
284.27829820755869150 124.12367906793951988
287.24985045380890369 122.18199630826711655
289.22980148997157812 120.19044358283281326
290.19107627496123314 119.46054714359343052
290.12893667351454496 119.36839499045163393
292.84867153409868479 116.90541059244424105
294.00378953851759434 118.87748052831739187
295.05643646977841854 118.32660843804478645
295.18657942861318588 118.55202912632375956
297.96077727526426315 116.92084046732634306
297.72707038186490536 116.25999994948506355
295.39010321628302336 116.25999994948506355
295.31474214326590300 115.97815926838666201
313.51403463166207075 105.49615097884088755
314.35903947241604328 106.95963970292359591
300.51996014732867479 114.94963965006172657
300.08696031197905540 114.19964000489562750
299.03033892903476954 114.80963962431997061
299.56004045717418194 115.72695987671613693
300.59924170933663845 115.12695948220789433
300.71904879249632359 115.33437171950936317
314.58062989078462124 107.30466095916926861
314.47291481588035822 107.11693512927740812
315.50941431615501642 106.51233541686087847
314.47054969985038042 104.70148884225636721
318.34567361790686846 103.47490444499999285
321.09047479927539825 101.64053400047123432
325.61536284163594246 97.32674061600118876
327.63708522636443377 96.06348920240998268
330.34032811410725117 95.02374960016459227
334.97999984305351973 95.14703771844506264
334.97999984212219715 457.61442428547888994
334.74669204745441675 457.71205651760101318
329.47872355207800865 452.51997336652129889
329.55984288174659014 452.44583203922957182
327.71400246396660805 448.03699661418795586
327.75210477225482464 413.43482116609811783
321.55559626873582602 407.32465443760156631
321.63803862780332565 407.24231234099715948
315.55361953377723694 401.14447079878300428
306.85140887368470430 401.20552969537675381
306.85150860529392958 401.08891095872968435
298.23732170835137367 401.07939512562006712
292.14573063049465418 407.25652587972581387
292.06628208421170712 407.17298020888119936
285.93386429175734520 413.30169177427887917
286.00811424292623997 421.98009150847792625
285.89151101186871529 421.97999126091599464
285.87651154026389122 435.57968712598085403
285.37691342458128929 435.56428765598684549
285.37448658701032400 437.39938905742019415
301.64448880869895220 437.41731095127761364
301.64651129115372896 435.59731028694659472
300.69651101250201464 435.59631068911403418
300.71129807829856873 422.14206601399928331
302.46196040883660316 417.84975169692188501
306.57545164320617914 415.97383204381912947
310.92162845004349947 417.57510651275515556
312.96714820247143507 422.01294908672571182
312.72474793996661901 422.01527612190693617
311.41650103963911533 427.61984281521290541
311.40909773018211126 434.37325149402022362
312.95549186412245035 437.62504001893103123
312.88828551024198532 456.70652098860591650
319.06065931729972363 462.89257749915122986
318.92754397634416819 462.94369352143257856
320.90281845256686211 467.22272022534161806
314.74098261632025242 477.61648738943040371
320.88119332399219275 488.02601807937026024
320.79112500045448542 524.41312622092664242
314.60962856747210026 524.30642624385654926
314.60817225556820631 524.82658903021365404
326.36068978905677795 524.83941081818193197
326.36121054273098707 524.31872378569096327
326.01232370827347040 524.34153951611369848
326.01660964265465736 519.41768393479287624
324.86645913496613503 519.56014077551662922
324.86714908108115196 518.93347592558711767
326.01819096133112907 518.94913660828024149
326.02230995241552591 514.21768363378942013
324.87218423746526241 514.36013807263225317
324.87287418358027935 513.73347438499331474
326.02399128675460815 513.74913685489445925
326.02800948917865753 509.01768390741199255
324.87790934089571238 509.16013451106846333
324.87859928235411644 508.53347496967762709
326.02969138044863939 508.54913708847016096
326.03380983881652355 503.81768357660621405
324.88363443128764629 503.96014426462352276
324.88432437926530838 503.33347501046955585
326.03539115842431784 503.34913679491728544
326.03950961679220200 498.61768382228910923
324.88935953471809626 498.76014060992747545
324.89004958979785442 498.13337526284158230
326.04109093546867371 498.14903670176863670
326.04520992748439312 493.41758231911808252
324.89508458878844976 493.56018017139285803
324.89577469136565924 492.93337390385568142
326.04679124522954226 492.94903695583343506
326.05090970452874899 488.21758256200700998
324.90080969315022230 488.36017660610377789
324.90173566527664661 487.51913315989077091
326.05469533056020737 487.58317080605775118
326.05690533854067326 482.81758451648056507
324.90675513818860054 482.96004122495651245
324.91848452761769295 472.30645797494798899
326.06833499297499657 472.44013406522572041
326.05356686841696501 467.66835307981818914
324.92351268325001001 467.73947905376553535
324.92870479449629784 463.02358072530478239
321.94088114146143198 460.01704767439514399
316.96400195080786943 448.02521244343370199
316.96432522125542164 447.73287310544401407
318.11539120133966208 447.74853683076798916
318.11950965970754623 443.01708384044468403
316.96938246022909880 443.15953779313713312
316.97007543034851551 442.53287459816783667
318.12119131069630384 442.54853705037385225
318.12530976906418800 437.81708371266722679
317.22516801767051220 437.92856126185506582
317.22813658509403467 435.23617085535079241
318.12919127847999334 435.24843698926270008
318.13330973591655493 430.51708374638110399
317.23321681935340166 430.62856862787157297
317.24271116964519024 422.01751189865171909
316.99261121358722448 422.01721196528524160
316.99730483349412680 417.82307484559714794
311.05176355782896280 411.85220872424542904
302.62557929567992687 411.83429124858230352
296.65470673982053995 417.77983893267810345
296.64755888655781746 422.29611290059983730
295.49000869877636433 422.28036290220916271
295.48589023947715759 427.01191761624068022
296.64032177068293095 426.86878576595336199
296.63932896219193935 427.49607876781374216
295.48430892173200846 427.48036319483071566
295.48018992971628904 432.21191737148910761
296.63209129590541124 432.06910008098930120
296.62651597708463669 435.59178917668759823
287.14647342357784510 435.58141106739640236
287.13710767403244972 432.08973302133381367
288.30269377771764994 432.12924425769597292
288.30550686549395323 427.38128274772316217
287.12487080600112677 427.52766346186399460
287.12306615523993969 426.85486489906907082
288.30588738340884447 427.00393555033951998
288.31121244002133608 422.18128227256238461
287.49110977444797754 422.28296191431581974
287.49081514868885279 422.55401115585118532
287.11153075937181711 422.55431369598954916
287.10553173627704382 420.31779674906283617
288.30358771979808807 420.46893916651606560
288.30891224741935730 415.64628358371555805
287.48880958557128906 415.74786092806607485
287.48412325885146856 420.05918408557772636
287.10483886953443289 420.05948662571609020
287.08841088227927685 413.93491085525602102
288.49384715966880322 412.51980535686016083
289.20853876043111086 413.44208530988544226
292.62248232588171959 410.03577786497771740
291.68595806043595076 409.30573315080255270
294.10146531462669373 406.87360752280801535
294.78399816155433655 407.85509959422051907
298.23289616405963898 404.42428830359131098
297.58115357998758554 403.91623864695429802
297.19777470920234919 404.29140585381537676
296.93197081889957190 404.02362850960344076
298.59437611699104309 402.34978608042001724
300.57460521347820759 402.34314957726746798
300.42755250539630651 403.50188767071813345
305.25021653436124325 403.50711246952414513
305.10416877735406160 402.32796928193420172
308.53203400224447250 402.31648119725286961
308.32054862659424543 403.49356849770992994
313.18532023485749960 403.50642997119575739
313.08364852052181959 402.68639562092721462
312.52973244991153479 402.68038824107497931
312.53114613983780146 402.30307864584028721
314.90779132768511772 402.29511360172182322
316.31274043675512075 403.69068411830812693
315.38941352348774672 404.40603841282427311
318.79582197498530149 407.81988137681037188
319.52636828552931547 406.88285972643643618
321.95829871669411659 409.29855605773627758
320.97650121990591288 409.98139866348356009
324.40731211565434933 413.43029626738280058
324.91526104975491762 412.77865380980074406
324.52834222279489040 412.38325407728552818
324.79614069871604443 412.11745432019233704
326.48169529996812344 413.79175717569887638
326.47951232735067606 415.77084853500127792
325.32971227355301380 415.62505347002297640
325.32438773754984140 420.44771769642829895
326.47451094351708889 420.30512077640742064
326.47261103149503469 422.02758792974054813
326.22271103784441948 422.02728799823671579
326.22006321512162685 424.42877333890646696
325.32011216972023249 424.32518430333584547
325.31478733569383621 429.14753418695181608
326.21497606392949820 429.04264853522181511
326.21322134975343943 430.63411542307585478
325.31331253610551357 430.52511714957654476
325.30798753816634417 435.34761647693812847
326.20814728364348412 435.23612331785261631
326.20516946073621511 437.93690932076424360
325.30250534694641829 437.90483881905674934
325.29999407846480608 442.64761600829660892
326.44826626125723124 442.50539105385541916
326.44727905467152596 443.16969917807728052
325.29951252043247223 443.02506236452609301
325.29418746009469032 447.84771777223795652
326.44053842406719923 447.70558864157646894
326.43549425713717937 451.09989912714809179
328.57752871792763472 453.34479154180735350
328.68218823336064816 453.24894492235034704
334.41310902591794729 458.99224502313882113
334.41746354848146439 460.97232004161924124
333.26111232116818428 460.82555221393704414
333.25578724965453148 465.64821782056242228
334.42742718383669853 465.50295326486229897
334.43962210416793823 471.04818887449800968
334.97999984305351973 471.04878871422261000
334.97999984305351973 484.27908343356102705
334.38529359083622694 484.27808329276740551
334.38797819148749113 488.36084849108010530
333.22860676981508732 488.24999880045652390
333.22559289541095495 493.04821723699569702
334.39096533879637718 492.90372888091951609
334.39140509907156229 493.57252107374370098
333.22521225363016129 493.42556266766041517
333.21988772880285978 498.24821634311228991
334.39438382815569639 498.10259864944964647
334.39482518285512924 498.77381585072726011
333.21951247751712799 498.62556114513427019
333.21418742276728153 503.44821177702397108
334.39780241344124079 503.30161491781473160
334.39824517164379358 503.97496608458459377
333.21381270047277212 503.82556090503931046
333.20848764386028051 508.64821278955787420
334.40122090373188257 508.50048520229756832
334.40166517253965139 509.17613558471202850
333.20811262819916010 509.02556051500141621
333.20268729794770479 513.84821484796702862
334.02289052587002516 513.74663939885795116
334.02420605905354023 512.53637547139078379
334.40387473534792662 512.53645699284970760
334.41169232875108719 524.42552497237920761
334.08370311744511127 524.37172685377299786
334.08360315486788750 524.72660642024129629
333.19091256428509951 524.62570753507316113
333.18558783177286386 529.44806618150323629
334.08179429173469543 529.34906598180532455
334.08150553517043591 529.92661150544881821
333.18521224986761808 529.82571233995258808
333.17988752759993076 534.64806211087852716
334.07969610486179590 534.54906116425991058
334.07949891407042742 535.14181631151586771
333.17941234447062016 535.02562773600220680
333.17408724687993526 539.84831804968416691
334.35089416056871414 539.70243028737604618
334.35967954434454441 541.70925049763172865
333.18171249795705080 541.56066097039729357
333.17638743761926889 546.38331620302051306
333.99659043271094561 546.28173916880041361
333.99741411954164505 545.52396369632333517
334.37637672759592533 545.52334015816450119
334.38768210634589195 548.10579586587846279
332.99221822619438171 549.51064972952008247
332.27676025312393904 548.58751508407294750
328.86291844118386507 551.99382158368825912
329.79996237903833389 552.72438605409115553
327.38421227131038904 555.15639158338308334
326.70140185672789812 554.17450036574155092
323.25250447448343039 557.60531103983521461
323.90414551738649607 558.11336170230060816
324.29906865861266851 557.72690930590033531
324.56486839801073074 557.99470663256943226
322.89103836379945278 559.67979975789785385
320.91164469718933105 559.67971307784318924
321.05784765724092722 558.52781232539564371
316.23518345318734646 558.52248725388199091
316.37849195674061775 559.67951457016170025
314.34498837776482105 559.67942552175372839
314.38030865788459778 558.51820638403296471
309.63518414646387100 558.51519279554486275
309.77936043869704008 559.67922559008002281
309.11096852831542492 559.67919632326811552
309.25783874560147524 558.51471219677478075
304.43518321681767702 558.50948794186115265
304.58003868348896503 559.67899790965020657
303.91025409474968910 559.67896858230233192
304.05783898755908012 558.50911269336938858
299.23518357798457146 558.50368736125528812
299.38071027584373951 559.67877022922039032
298.70956976432353258 559.67874084040522575
298.85783907677978277 558.50331234652549028
294.03518366999924183 558.49798728618770838
294.18140632659196854 559.67854254972189665
293.50886046979576349 559.67851310130208731
293.65783949848264456 558.49761256948113441
288.83518336806446314 558.49228750914335251
288.94756405893713236 559.39960802718997002
286.25386752560734749 559.39540571626275778
286.35771028231829405 558.48951212689280510
281.53524089138954878 558.48418783955276012
281.64014668203890324 559.38820806704461575
280.04857012070715427 559.38572512194514275
280.15777045302093029 558.48271273262798786
275.33516328316181898 558.47728746663779020
275.44680135045200586 559.37854611873626709
272.74591523408889771 559.37433259189128876
272.77799163479357958 558.47180551197379827
268.03515405859798193 558.46929424256086349
268.17763844784349203 559.61943303979933262
267.51281355787068605 559.61870004329830408
267.65782728139311075 558.46881244983524084
262.83517330326139927 558.46358766127377748
262.97763979807496071 559.61369981989264488
262.31279894523322582 559.61296680383384228
262.45781883783638477 558.46321294456720352
257.63517365604639053 558.45778707973659039
257.74645331688225269 559.35624433215707541
247.95496003050357103 559.36978600732982159
247.96433679480105639 550.02314327936619520
259.89308159798383713 550.08098042104393244
259.89195184782147408 550.46026883181184530
257.74543514195829630 550.45788904093205929
257.73426296375691891 551.27899105567485094
262.46573639381676912 551.28311004675924778
262.31826795637607574 550.09273906331509352
262.95043091010302305 550.09580413904041052
262.93425317201763391 551.28479116596281528
267.66572642698884010 551.28890962433069944
267.52068239264190197 550.11796324048191309
268.15016068425029516 550.12101530004292727
268.13426314759999514 551.29049094207584858
272.86571613606065512 551.29460993409156799
272.75424861628562212 550.39474818855524063
275.44664935767650604 550.39521246217191219
275.43435300886631012 551.29859145730733871
280.16572666354477406 551.30260966159403324
280.05341268610209227 550.39600684586912394
288.94672585465013981 550.39754039607942104
288.93426313344389200 551.31349124945700169
293.66571610607206821 551.31760970782488585
293.52325853798538446 550.16745332907885313
294.14992443565279245 550.16814219113439322
294.13426289521157742 551.31919102650135756
298.86571640800684690 551.32331001758575439
298.72326012607663870 550.17316943593323231
299.34992644842714071 550.17385829892009497
299.33426317200064659 551.32489133626222610
304.06571616232395172 551.32900979463011026
303.92326257377862930 550.17888554558157921
304.54992540925741196 550.17957440391182899
304.53426294866949320 551.33069166075438261
309.26571643352508545 551.33470986224710941
309.12326416186988354 550.18460165150463581
309.74992549140006304 550.18529050983488560
309.73426324594765902 551.33639122359454632
314.46571621857583523 551.34050968196243048
314.32325424626469612 550.19031774625182152
318.85972508508712053 550.19530446734279394
324.83069147355854511 544.24986325390636921
324.83980306982994080 539.73351316526532173
325.99529098719358444 539.74923707637935877
325.99956549424678087 534.83903726655989885
326.34992080647498369 534.83941100258380175
326.32409001700580120 534.02021133899688721
314.58202871400862932 534.00648808293044567
314.57967101689428091 534.82648924551904202
320.77968861442059278 534.83328897226601839
320.77424332685768604 539.71562556829303503
319.10635056719183922 544.12293580546975136
314.61296852771192789 546.17078194208443165
307.69259682204574347 546.11308316327631474
307.68769701477140188 529.74899724777787924
299.96769729442894459 529.75130288023501635
299.97249726951122284 546.10449000634253025
299.20148725248873234 546.10371022764593363
299.18068731948733330 529.56869697384536266
291.47729700896888971 529.57100314926356077
291.48209698591381311 546.09518914390355349
288.67011011950671673 546.09211086481809616
288.67030767071992159 545.89406625833362341
283.06294662784785032 544.58580120373517275
276.32183390948921442 544.57841084245592356
276.38778460212051868 529.55667591933161020
268.66765719372779131 529.65132184419780970
268.67251709382981062 546.07779249269515276
267.87014604546129704 546.06920674443244934
267.89730630256235600 529.54879698343575001
260.17728714924305677 529.55100309383124113
260.18209721148014069 546.06058911699801683
257.47296049632132053 546.05761432368308306
257.52278301119804382 545.85937504563480616
246.95194847136735916 544.34455147385597229
246.95235679112374783 557.94878679048269987
239.40417118649929762 557.93958773277699947
239.40260917600244284 559.35959153808653355
246.94443840440362692 559.36605560593307018
246.93326407298445702 561.36608874704688787
257.50434941705316305 561.37771216128021479
257.45487914886325598 560.87761229276657104
323.24797877203673124 560.95020482875406742
329.35824105050414801 554.75360083207488060
329.44058369100093842 554.83614293299615383
334.74561268277466297 549.54277627915143967
334.97999984305351973 549.64001373760402203
334.97999984305351973 569.98000000044703484
221.30268272198736668 569.98000000044703484
220.98828222136944532 569.65019370708614588
214.99755473062396049 567.12501706928014755
216.79784294217824936 562.68658985663205385
221.18388352263718843 560.82511431351304054
221.18331903126090765 561.33768921997398138
231.70330911409109831 561.34921101294457912
231.72206307202577591 544.32767166197299957
221.20948379021137953 545.91770825069397688
212.52628830075263977 546.01204474642872810
200.18492468073964119 558.33154812362045050
200.17527324706315994 567.08297276217490435
198.47176946420222521 569.98000000044703484
157.98508391715586185 569.98000000044703484
154.82755851838737726 566.82070473860949278
146.19661372713744640 566.81121142301708460
141.91884610708802938 565.02139810007065535
140.06828935723751783 560.83227593638002872
141.64142055436968803 556.60097641777247190
146.08023816719651222 554.55526056140661240
146.08223515190184116 554.79754982981830835
151.68726279586553574 556.10579855181276798
158.44067145325243473 556.11320239119231701
161.69234415423125029 554.56681054923683405
175.28011398017406464 554.63165218662470579
175.27907718252390623 555.58168888185173273
177.09907194785773754 555.58371136430650949
177.11698480602353811 539.31371004600077868
175.27907484862953424 539.31189001351594925
175.28361257724463940 539.81178867351263762
137.50215132068842649 539.77019535191357136
131.39192842692136765 545.96679975278675556
131.30957575235515833 545.88425769656896591
125.21170008555054665 551.96868113055825233
125.27453321497887373 560.75621251203119755
125.16299766674637794 560.76440640911459923
125.14668209478259087 569.28497499134391546
125.61234057415276766 569.74419729597866535
125.51562773808836937 569.98000000044703484
0.00000000093132257 569.98000000044703484
0.00000000093132257 380.38785052392631769
1.90548269171267748 372.56659133825451136
1.77453719731420279 372.53468487598001957
4.15710739977657795 362.98718939628452063
4.30461462587118149 363.02245025336742401
6.64998896513134241 353.58417338598519564
6.84817213006317616 353.63378911186009645
9.57302890159189701 342.74969812203198671
8.87462800834327936 342.57484058570116758
6.37600194290280342 352.55501429922878742
6.17598524503409863 352.50721003673970699
3.59746238403022289 362.88410394173115492
3.44728687964379787 362.86209182441234589
0.88775169476866722 373.13401146605610847
1.11362575553357601 373.20845565479248762
0.33529628720134497 376.44744367338716984
0.00000000093132257 376.40772315114736557
0.00000000000000000 334.36240880191326141
1.70159751921892166 327.48454399686306715
1.05765480082482100 327.29243260249495506
0.33321034163236618 330.16687515098601580
0.00000000093132257 330.12553213443607092
0.00000000093132257 0.00000000000000000
334.97999984305351973 0.00000000000000000

[OBSTACLE]
223.55043038725852966 333.90774079691618681
215.65293268114328384 341.37458880338817835
213.07338679954409599 347.35705531109124422
204.47593272849917412 347.31212802417576313
198.34019633941352367 353.48350039403885603
198.25819379184395075 353.40063793398439884
179.77526777423918247 371.69131287466734648
173.78207559790462255 369.18683831952512264
162.87966094631701708 369.41300950013101101
162.57514597289264202 380.27725919242948294
164.98137350752949715 386.33140554185956717
158.87028793431818485 392.37896902021020651
158.89549016952514648 401.08465408254414797
152.77014172822237015 403.55092648603022099
145.22088074218481779 411.42004974652081728
152.68772875703871250 419.31756712310016155
158.67014536261558533 421.89706312492489815
158.39851023256778717 473.88780175335705280
156.57986509893089533 478.31716043129563332
150.58993431832641363 475.78905815072357655
139.68751068785786629 476.01519942469894886
139.38298511505126953 486.87951577361673117
141.82470747362822294 492.89848139137029648
135.67811826150864363 498.98113907594233751
135.70297332294285297 507.73718026280403137
135.58674557227641344 507.67654956504702568
135.54169802460819483 516.29703738540410995
141.75096849352121353 522.47116576973348856
141.62664428632706404 522.51282052043825388
147.68939990177750587 528.63771206513047218
156.44541136454790831 528.61284692864865065
156.38477055542171001 528.72911398950964212
175.19092014152556658 528.82734740804880857
175.18831099383533001 529.32734752912074327
177.00828642025589943 529.33685233723372221
177.05560594424605370 520.28009998146444559
199.19999993406236172 520.28030011523514986
199.19999993406236172 519.77713247667998075
199.91906671877950430 519.49658018443733454
200.18310926016420126 519.82453935965895653
202.48043740168213844 517.53110650461167097
202.30366129428148270 517.35430066753178835
206.82914387434720993 512.82879844587296247
206.65007223654538393 512.64980800449848175
206.96304756682366133 511.91686293110251427
207.37812960054725409 511.89529363345354795
207.38157093059271574 460.74084077123552561
207.13506364449858665 460.77014153730124235
207.13157529756426811 454.36210018582642078
207.38157017249614000 454.36210018582642078
207.38157017249614000 451.14209980145096779
207.08150763623416424 451.14209980145096779
207.07403809111565351 449.94401560164988041
205.87965919356793165 449.94211272988468409
205.81826708372682333 449.65520319994539022
173.86302482336759567 449.64209649525582790
173.81683575082570314 449.93485382292419672
173.34385258890688419 449.93783615436404943
173.38073739688843489 442.87755197379738092
179.58065135683864355 442.90995210874825716
179.58336928486824036 442.38995226845145226
167.81352217588573694 442.32844813819974661
167.81080811098217964 442.84844769816845655
168.15964770596474409 442.85026177298277617
168.13520382717251778 447.75157611072063446
169.28593224193900824 447.61372062098234892
169.28245875611901283 448.27856544591486454
168.13322953693568707 448.12892105523496866
168.10803105868399143 452.95147498138248920
169.25876459386199713 452.81376243475824594
169.25529110338538885 453.47860845644026995
168.10605938173830509 453.32881958130747080
168.08086081128567457 458.15137495286762714
169.23159768898040056 458.01366200670599937
169.22812422644346952 458.67850258015096188
168.07881182990968227 458.52871999982744455
168.05265855230391026 463.35137519426643848
169.20443073380738497 463.21357127558439970
169.20115677453577518 463.84022574499249458
168.05011032801121473 463.81982223782688379
168.02653384953737259 468.55127488076686859
169.17726334929466248 468.41356272622942924
169.17378986161202192 469.07840783614665270
168.02455950994044542 468.92861980479210615
167.99936094135046005 473.75117517076432705
169.15009644534438848 473.61346238758414984
169.14837027620524168 473.94386063423007727
164.11119897942990065 485.94009656738489866
163.76671036425977945 486.28153958171606064
163.00977581553161144 485.43559050653129816
159.62687999568879604 488.78746427129954100
160.52557055279612541 489.49402469582855701
152.95299494639039040 496.99965167418122292
152.25070899259299040 496.08688596077263355
148.87258855719119310 499.45782375056296587
149.71658287756145000 500.20745084155350924
146.36721620708703995 503.52720598783344030
146.31454413011670113 511.95317934360355139
152.23536568880081177 517.94854358769953251
156.50528924074023962 518.00613812077790499
156.46201006323099136 518.23263961914926767
165.04385271202772856 518.27565394528210163
164.87502137292176485 519.16140776593238115
169.76247861050069332 519.19888671860098839
169.65473424457013607 518.29876483045518398
172.06581750325858593 518.31084977928549051
172.06712763942778111 518.06095185410231352
175.24708707071840763 518.07754761166870594
175.19755830895155668 527.55734919942915440
172.04275372065603733 527.54135190043598413
172.04905384592711926 527.29145384486764669
169.61742302123457193 527.27866285946220160
169.72483741305768490 526.37875853665173054
164.90244712587445974 526.35354130621999502
165.00364925898611546 527.25439325906336308
163.41218170244246721 527.24602174293249846
163.52498472295701504 526.34635928552597761
158.70245443377643824 526.32114073913544416
158.81025410164147615 527.22181445546448231
156.45922277960926294 527.20944744441658258
156.45753253996372223 527.53204767778515816
148.34002819936722517 527.48962182272225618
146.94088860042393208 526.08832504414021969
147.86705204751342535 525.37682376615703106
144.47477922867983580 521.94881366193294525
143.74045915342867374 522.88296120613813400
141.31728956848382950 520.45605560205876827
142.30488741584122181 519.78130252379924059
138.88651196938008070 516.31539925653487444
138.37575254682451487 516.96505913697183132
139.30359125044196844 517.90263323765248060
139.03468602057546377 518.16993275750428438
136.81354328617453575 515.94536548573523760
136.81507440283894539 513.96511657256633043
137.97313048411160707 514.11688821017742157
137.99831896089017391 509.29432476405054331
136.81857666652649641 509.43550889659672976
136.82122914865612984 506.00495439860969782
137.99613535497337580 506.22937497869133949
138.03031956870108843 501.35922223050147295
137.20977632142603397 501.45741968229413033
137.20287887752056122 502.77721638046205044
136.82372569479048252 502.77607905212789774
136.82615685090422630 499.63177412189543247
138.23251545242965221 498.23921883106231689
138.93901624809950590 499.15888196416199207
142.36692563071846962 495.76653971988707781
141.45431142766028643 495.04904455412179232
142.72984769567847252 493.78602758515626192
142.62127833999693394 493.68632165156304836
145.36036164313554764 491.11636591330170631
140.64336412586271763 486.34982430748641491
140.74937296845018864 483.08470942638814449
141.12416771147400141 483.09177173208445311
141.11259388271719217 485.30637520458549261
141.93205072637647390 485.41318044345825911
141.95724929217249155 480.59052475914359093
140.82595634367316961 480.72591077908873558
140.93788128904998302 477.27857755962759256
144.50854885112494230 477.15776333771646023
144.38116345088928938 478.19183199852705002
149.50065470859408379 478.26865433342754841
152.75094993133097887 481.55308574996888638
153.26169748418033123 480.90344042330980301
150.01362881436944008 477.62129175197333097
149.24090412631630898 478.21578794904053211
149.10507166571915150 477.39664209261536598
148.63517026137560606 477.38872357830405235
148.63202621974050999 477.01824468653649092
149.97684783767908812 476.97274239081889391
154.79911082517355680 481.84573660884052515
159.65200839750468731 477.05039883684366941
159.67006129119545221 473.59518166258931160
160.82227101828902960 473.63898567017167807
160.84464346431195736 468.89112572092562914
159.69391962699592113 469.02883710712194443
159.69722984172403812 468.39528147596865892
160.84943107422441244 468.43908571265637875
160.87181312404572964 463.69112401548773050
159.72108795400708914 463.82897978555411100
159.72456159442663193 463.16414561588317156
160.87395611312240362 463.31377690378576517
160.90120381303131580 458.49122790340334177
159.74825783446431160 458.62882535997778177
159.75156745966523886 457.99538244772702456
160.90377139858901501 458.03918544482439756
160.92615344375371933 453.29132550023496151
159.77542579919099808 453.42903734184801579
159.77873601485043764 452.79548166133463383
160.93094105180352926 452.83928549010306597
160.95331349782645702 448.09142554085701704
159.80259435437619686 448.22913636546581984
159.80590456537902355 447.59558147471398115
160.95810110773891211 447.63938553351908922
160.98048315104097128 442.89142577536404133
160.09002463892102242 442.99799024593085051
160.09181556105613708 442.40953645855188370
160.98246131278574467 442.51393211167305708
161.00765867345035076 437.69160734675824642
160.10586608387529850 437.79287528432905674
160.10766544379293919 437.20164922159165144
161.00962561368942261 437.31411608960479498
161.03714444674551487 432.49162785056978464
160.12166762631386518 432.60087115038186312
160.12348186504095793 432.00475706625729799
161.03961108811199665 432.03958530444651842
161.06198300514370203 427.29162415862083435
159.91125800646841526 427.42947923671454191
159.91456798650324345 426.79588234238326550
161.06677114218473434 426.83968534041196108
161.08915318455547094 422.09172559529542923
159.93842360470443964 422.22943766973912716
159.94021225720643997 421.88705356232821941
159.79061454907059669 421.88625571131706238
159.96046447660773993 418.08715433999896049
153.20445472560822964 418.05182278156280518
150.97077835910022259 415.66822536382824183
151.24079417996108532 415.40819996502250433
152.79841194301843643 416.98220915719866753
153.45335572492331266 416.47821697685867548
150.06108974479138851 413.05031405575573444
149.35689283814281225 413.94601823296397924
146.99836927652359009 411.42919406108558178
149.43889358080923557 408.82040216028690338
150.07903226744383574 409.64041411783546209
153.41875906568020582 406.16552216187119484
152.85714672319591045 405.73753809742629528
152.57522599678486586 406.01011405140161514
152.31103388313204050 405.75023549888283014
153.18255556467920542 404.81862473767250776
160.02924937848001719 404.85735672432929277
160.02423452492803335 399.42341003660112619
161.19728047307580709 399.57966262288391590
161.22247921209782362 394.75703414808958769
160.40204193536192179 394.85526026785373688
160.39729385916143656 395.17260483372956514
160.02030912041664124 395.16995875164866447
160.01833383552730083 393.02959906496107578
161.42505503725260496 391.63750396110117435
162.13118632696568966 392.55663171689957380
165.55909563601016998 389.16434981487691402
164.64800972398370504 388.44805928785353899
165.88651196192950010 387.22243412490934134
165.78129476215690374 387.11610988806933165
168.58777482807636261 384.54981996770948172
163.83552447799593210 379.74764445144683123
163.94152783229947090 376.48268912080675364
164.31632218509912491 376.48975098691880703
164.30475425533950329 378.70416519325226545
165.12421054858714342 378.81096009444445372
165.14940911624580622 373.98836466576904058
164.01811420731246471 374.12379122711718082
164.13004095852375031 370.67639235407114029
167.70049219951033592 370.55739437509328127
167.57332317065447569 371.58962180651724339
172.69281566701829433 371.66647525317966938
175.94310602452605963 374.95090588275343180
176.45385463070124388 374.30126059986650944
173.20577828772366047 371.01907121390104294
172.43308236543089151 371.61360394582152367
172.29723176360130310 370.79450203757733107
171.90593633521348238 370.78790814802050591
171.90288526471704245 370.41733468789607286
173.17731304746121168 370.37485985271632671
177.99127130489796400 375.24351503700017929
180.65634411200881004 372.60614656098186970
180.82200999744236469 372.79291650000959635
182.54604028724133968 371.08697123266756535
183.09952450077980757 371.80632590316236019
186.52737008500844240 368.41410811897367239
185.81875117029994726 367.84859098214656115
186.95002017170190811 366.72918895725160837
187.50647364091128111 367.44519730098545551
190.93433456216007471 364.05296011734753847
190.22122183814644814 363.49230209179222584
192.14393777493387461 361.58975538518279791
192.69517918117344379 362.31043908372521400
196.12310582678765059 358.91815975774079561
195.19684440642595291 358.18993894103914499
195.67118310462683439 357.71682372502982616
196.39129000995308161 358.65276371873915195
199.81921571772545576 355.26050974708050489
198.87673682812601328 354.51953823957592249
200.29962725471705198 353.10031794104725122
201.02972230967134237 354.04918585717678070
204.45763575658202171 350.65693015418946743
203.80798090249300003 350.14617247320711613
202.59140273276716471 351.35010707471519709
202.32410488557070494 351.08106213994324207
204.82764288876205683 348.58398163039237261
206.80670593399554491 348.59432328585535288
206.65612182673066854 349.74355037789791822
211.47870528884232044 349.76874898746609688
211.34097845852375031 348.61801726929843426
213.08337804581969976 348.62712223269045353
213.08415577746927738 348.47748482320457697
216.88335558492690325 348.64736494794487953
216.91865738946944475 341.89131473843008280
219.30233125668019056 339.65754951909184456
219.56235771253705025 339.92756333947181702
217.98828091472387314 341.48527172952890396
218.49221230577677488 342.14020607713609934
221.92011568322777748 338.74795991368591785
221.02441661059856415 338.04376567993313074
223.54124580323696136 335.68521923944354057
226.15009546559303999 338.12577501498162746
225.33007600158452988 338.76589211169630289
228.80492180678993464 342.10559177398681641
229.23298253584653139 341.54400746710598469
228.96055375225841999 341.26223891228437424
229.22043109498918056 340.99804682936519384
230.15186551678925753 341.86939549073576927
230.11316328309476376 348.71609937958419323
235.54718409758061171 348.71106617711484432
235.39089732151478529 349.88408051617443562
240.21352545171976089 349.90928885620087385
240.11531025450676680 349.08883178513497114
239.79953747522085905 349.08411203604191542
239.80218006670475006 348.70712503511458635
241.94097081385552883 348.70514400396496058
243.33306062687188387 350.11185972858220339
242.41393818520009518 350.81798635981976986
245.80621005222201347 354.24591603688895702
246.52249740157276392 353.33480613958090544
247.74813631083816290 354.57332215365022421
247.85451988130807877 354.46804508939385414
250.42079014424234629 357.27459521219134331
255.22300558909773827 352.52227411977946758
258.48800681997090578 352.62828258890658617
258.48094431310892105 353.00307715032249689
256.26647460646927357 352.99150387011468410
256.15969010628759861 353.81098091322928667
260.98227552417665720 353.83616881351917982
260.84687624219805002 352.70487065799534321
264.29425765946507454 352.81680067069828510
264.41325122956186533 356.38724306412041187
263.38101811055094004 356.26007333490997553
263.30417477246373892 361.37958563771098852
260.01975428778678179 364.62986994348466396
260.66938937455415726 365.14061757549643517
263.95158901158720255 361.89253844227641821
263.35704260040074587 361.11985214985907078
264.17613790184259415 360.98399137146770954
264.18273208290338516 360.59267774689942598
264.55330576468259096 360.58962687943130732
264.59578008949756622 361.86408337671309710
259.72708099521696568 366.67807655129581690
263.57303769048303366 370.51690842583775520
262.63309106975793839 371.23584883753210306
266.02536990493535995 374.66377552878111601
266.53607434500008821 374.01418839674443007
266.31588993687182665 373.78732190467417240
266.58432835713028908 373.52262053079903126
268.09831835515797138 375.03380578942596912
268.08797913696616888 377.01286305487155914
266.93875925149768591 376.86226197145879269
266.91355103813111782 381.68486550915986300
268.06429079547524452 381.54711112659424543
268.05529239960014820 383.26951806154102087
267.80536216683685780 383.26821800041943789
267.79281311202794313 385.66963187139481306
266.89335883967578411 385.56224195659160614
266.86817147210240364 390.38462351076304913
267.76870286744087934 390.28342042583972216
267.76038645207881927 391.87486787047237158
266.86096916440874338 391.76208532787859440
266.83577088452875614 396.58461519703269005
267.73633800912648439 396.47682964522391558
267.72222554683685303 399.17742117587476969
266.81959574762731791 399.14162096101790667
266.87153578177094460 403.89728174824267626
267.94851006846874952 403.73681136593222618
267.94515311624854803 404.38031739089637995
266.79296882543712854 404.33651456050574780
266.77057664841413498 409.08437451254576445
267.92133205942809582 408.94665934704244137
267.91786452755331993 409.61136283352971077
266.76859916280955076 409.46172125916928053
266.74345141090452671 414.28424812294542789
267.89420593343675137 414.14656170271337032
267.89073841553181410 414.81126249209046364
266.74148903321474791 414.66162121016532183
266.71632742229849100 419.48417435213923454
267.86707984097301960 419.34645781014114618
267.86361157335340977 420.01130201295018196
266.71435919869691133 419.86151979677379131
266.68920116592198610 424.68407507799565792
267.83995371405035257 424.54636025428771973
267.83648545760661364 425.21120245754718781
266.68723219726234674 425.06142012588679790
266.66208092682063580 429.88397505506873131
267.81282760668545961 429.74625919945538044
267.79445249866694212 433.26864816900342703
258.31458178628236055 433.21915225964039564
258.33275708835572004 429.73487422894686460
259.48377927951514721 429.75527808256447315
259.50736642628908157 425.02392524760216475
258.35661280248314142 425.16163846384733915
258.35988171864300966 424.53497428260743618
259.51088945753872395 424.55537812225520611
259.53447607066482306 419.82402525097131729
258.38373742438852787 419.96174023579806089
258.38700634893029928 419.33507430367171764
259.53802938107401133 419.35547815915197134
259.56160639505833387 414.62412532791495323
258.41086206957697868 414.76183742936700583
258.41413097921758890 414.13517416547983885
259.56514962390065193 414.15557819884270430
259.58873624168336391 409.42412358615547419
258.43798645492643118 409.56198404449969530
258.44125560764223337 408.93527476862072945
259.59226933214813471 408.95567769650369883
259.61586660984903574 404.22432539612054825
258.46511132176965475 404.36203881073743105
258.46857936680316925 403.69720070715993643
259.61784106120467186 403.84697654563933611
259.64297880791127682 399.02437427267432213
258.74234647769480944 399.13218903634697199
258.75641254335641861 396.43982947431504726
259.65747944265604019 396.45581793040037155
259.68106659036129713 391.72451507579535246
258.78048423118889332 391.83231184352189302
258.82547191344201565 383.22130256332457066
258.57543227821588516 383.21999241504818201
258.59733125753700733 379.02590209618210793
255.27050345763564110 375.66217231284826994
256.13981199078261852 374.89109847228974104
252.78535523544996977 371.50580025836825371
252.06541332881897688 372.42153054289519787
244.56517787184566259 364.83810064848512411
245.48594555258750916 364.12962698377668858
242.11579401791095734 360.75362877082079649
241.36134584713727236 361.59873093850910664
238.04558735806494951 358.24619324970990419
233.31460851989686489 358.22009612154215574
233.38407378084957600 357.06017865985631943
228.61835533101111650 357.03835802432149649
228.75678404886275530 358.19495415315032005
218.10211177449673414 358.13618062157183886
218.24104705266654491 356.98408984765410423
213.47085661627352238 356.97994078975170851
213.53498619701713324 358.11098734661936760
208.81976477149873972 358.08497714251279831
205.58003196865320206 361.28724050056189299
204.86964736972004175 360.36399440839886665
201.44174405094236135 363.75626024603843689
202.35540391970425844 364.47457380127161741
201.88204243872314692 364.94246057327836752
201.17353615816682577 364.02162557747215033
197.74563414044678211 367.41390026453882456
198.45865178946405649 367.97446173802018166
192.13151332270354033 374.23582755308598280
191.62364228442311287 373.48639395460486412
188.14994100481271744 376.90978565905243158
188.86297798063606024 377.47038541175425053
187.14914002735167742 379.16640746779739857
187.32500076200813055 379.34405717905610800
186.97062756307423115 379.69474613759666681
186.20434252172708511 378.83082793280482292
182.81903634127229452 382.18527451995760202
183.73011234775185585 382.90157132316380739
176.14961963240057230 390.40325342025607824
175.44286847300827503 389.48468463495373726
172.06685891561210155 392.85486618056893349
172.91087265592068434 393.60832875128835440
169.55939297191798687 396.92496476415544748
169.53352311253547668 401.65589840151369572
168.37331860605627298 401.58638592530041933
168.35149850230664015 406.35207424871623516
169.50860053021460772 406.21359946858137846
169.45033691637217999 416.86851981282234192
168.29721961077302694 416.72942263074219227
168.29311108402907848 421.49958373978734016
169.42536423262208700 421.43538325373083353
169.42095964122563601 422.24086987413465977
168.26746050361543894 422.22042186930775642
168.24387388583272696 426.95187646616250277
169.39595346525311470 426.81385834515094757
169.39231596700847149 427.47906301915645599
168.24189957603812218 427.32911963760852814
168.21576733421534300 432.33046799991279840
167.86544086039066315 432.32864619232714176
167.88789908215403557 433.14794875960797071
179.63132773060351610 433.21005284413695335
179.63561326265335083 432.39005236886441708
173.43570191133767366 432.35775203164666891
173.48996571917086840 421.97056857310235500
177.61549738701432943 415.02029123622924089
194.36373275797814131 414.99521299917250872
194.86856891866773367 418.68508902192115784
194.87403832934796810 421.99441700056195259
195.59403653908520937 421.99318299349397421
195.58202371280640364 414.72318322304636240
194.38202532194554806 414.72518348135054111
194.38161656726151705 414.47838524077087641
178.14667293243110180 414.50204848498106003
178.03713629394769669 414.30997416190803051
179.64581288956105709 411.59987760148942471
173.70839607808738947 401.28439296223223209
175.37583159469068050 396.82645980827510357
187.09461580682545900 393.88230887800455093
190.10851415619254112 382.43091100174933672
193.59431770816445351 380.97628335002809763
198.57222200464457273 376.05012050829827785
201.24913985747843981 371.22039234358817339
208.58747024089097977 364.02868472132831812
208.66010751109570265 364.10630862694233656
213.00225890055298805 362.12815608084201813
223.37056165654212236 368.33268487919121981
233.68610740918666124 362.39521576557308435
238.14411063771694899 364.06263756379485130
241.08833235688507557 375.78138212580233812
252.60060817282646894 378.80191134102642536
254.55001080874353647 383.19895616453140974
254.30759822577238083 383.19763702619820833
252.97625603899359703 388.79962245561182499
252.94096829928457737 395.55295044276863337
254.47396094631403685 398.81097494065761566
254.34271395951509476 414.39819619059562683
236.34621708095073700 414.39129652921110392
236.31630228739231825 414.65588875580579042
235.36196326371282339 414.65741602797061205
235.37397662363946438 421.92741573229432106
235.89397669769823551 421.92658373713493347
235.88851042743772268 418.61689936649054289
236.11650399118661880 414.91761518828570843
254.34008749108761549 414.89601171761751175
254.24463207367807627 433.19784776773303747
253.29464265797287226 433.19284765608608723
253.28512765094637871 435.01284742262214422
269.55523772910237312 435.09785362891852856
269.50570356938987970 433.27949226461350918
269.06443185359239578 433.27529517281800508
269.37017146404832602 374.68207248207181692
263.19648505654186010 368.54403506685048342
265.78380235470831394 362.46887133177369833
265.55763043835759163 351.56642066128551960
254.69340092036873102 351.26191631425172091
248.63916431833058596 353.66817358136177063
242.59159074537456036 347.55708799231797457
233.88584568072110415 347.58231039345264435
231.41956373862922192 341.45699167996644974

[OBSTACLE]
150.06747207697480917 526.28542055469006300
150.16568994056433439 527.10605354700237513
154.78276231978088617 527.13014342263340950
154.93759479653090239 526.31958450283855200

[OBSTACLE]
276.38765985798090696 509.47899698652327061
268.66764713171869516 509.48120309598743916
268.68994286842644215 526.65594411920756102
276.38773001264780760 526.69905628543347120

[OBSTACLE]
307.68769704457372427 509.41899723093956709
299.96770614199340343 509.42120280023664236
299.95749392081052065 526.67945246677845716
307.69280287344008684 526.63894759025424719

[OBSTACLE]
299.20229980815201998 509.14879738911986351
291.48230002727359533 509.15100296027958393
291.48230002727359533 526.37100270669907331
299.20229980815201998 526.36879713553935289

[OBSTACLE]
267.89728692919015884 509.12879693880677223
260.17728714924305677 509.13100304361432791
260.18230317439883947 526.35100278630852699
267.90230295434594154 526.34879721514880657

[OBSTACLE]
333.19661250524222851 519.42556071747094393
333.19128744862973690 524.24821203853935003
334.01139044668525457 524.14663880690932274
334.01650993339717388 519.52898365631699562

[OBSTACLE]
333.20231228042393923 514.22556096222251654
333.19698775839060545 519.04821232799440622
334.01709022466093302 518.94663904886692762
334.02220971137285233 514.32898335717618465

[OBSTACLE]
299.19729731883853674 477.65879706200212240
291.47729700803756714 477.66100263316184282
291.48230293486267328 494.88100290857255459
299.20230271480977535 494.87879733741283417

[OBSTACLE]
307.68789727333933115 477.63026641216129065
299.96799614746123552 477.65613345894962549
299.97490423917770386 494.81853835284709930
307.69280277099460363 494.78896163217723370

[OBSTACLE]
268.66875638440251350 475.28798116650432348
268.67501339688897133 492.57877370435744524
276.39275322481989861 492.59902623668313026
276.38765697460621595 475.37911754380911589

[OBSTACLE]
267.89728692919015884 475.27879709098488092
260.17728714924305677 475.28100266214460135
260.18230317439883947 492.50100293755531311
267.90230295434594154 492.49879736639559269

[OBSTACLE]
141.69634995609521866 485.70791471097618341
141.18557347916066647 486.35758313164114952
144.44758083298802376 489.63140577264130116
145.08859646692872047 489.13569769170135260

[OBSTACLE]
139.42616536747664213 445.20917812641710043
127.12186319474130869 451.04934199526906013
131.58478761184960604 460.51963192038238049
134.73327370546758175 459.02613860461860895
137.61884752102196217 460.09170671924948692
140.48474823404103518 458.78686858061701059
141.44987147767096758 455.78285870049148798
144.68366330955177546 454.30344688054174185
143.70085730310529470 452.26727196481078863
143.24004977941513062 452.47550822049379349
144.01440153084695339 453.99036125838756561
140.81171497516334057 455.63370004110038280
140.91063078120350838 455.96416214108467102
140.01591841783374548 458.37851375434547663
137.66866820212453604 459.54779769480228424
135.21692759264260530 458.72156291268765926
135.04148889984935522 458.35985847376286983
131.74644338805228472 459.81312550976872444
127.68135219905525446 451.24864589329808950
139.60626246221363544 445.58854576386511326

[OBSTACLE]
329.57515765633434057 454.71793447155505419
328.90708485711365938 455.18058076035231352
332.33861042466014624 458.63079584855586290
332.84672953095287085 457.97906701918691397

[OBSTACLE]
86.58980885148048401 441.26866237446665764
78.81873518694192171 443.20092832297086716
76.33552784286439419 446.91552002355456352
78.36600158922374249 455.08128922618925571
92.56411452032625675 451.59471972659230232
90.52351687476038933 443.38759408053010702

[OBSTACLE]
46.14515708573162556 439.83646226115524769
41.47010185569524765 441.29136929847300053
35.44913802668452263 447.98963522724807262
35.51107195019721985 451.81842173449695110
38.78985811490565538 454.76575221400707960
42.60361186508089304 454.42070529796183109
48.62457629665732384 447.72233888600021601
49.57461279537528753 442.91916336957365274

[OBSTACLE]
117.39394718594849110 438.56999792251735926
105.97999994177371264 438.67019217461347580
105.97999994177371264 439.14010033942759037
117.23868950828909874 439.09463879186660051
119.13006874825805426 440.98422342725098133
119.17992272414267063 443.60603790450841188
117.38224880583584309 445.46660792268812656
115.57998994830995798 445.47001892328262329
115.57998994830995798 445.93949930835515261
117.45005059987306595 446.03561142180114985
119.64992304332554340 443.88427302520722151
119.70006913226097822 440.73573774937540293

[OBSTACLE]
24.69205966312438250 420.66201594565063715
15.61008521448820829 424.88112461380660534
12.46422042697668076 426.51612059026956558
12.47636657115072012 426.93071713205426931
16.83619895763695240 435.99940082337707281
20.00328507460653782 434.49613887071609497
22.88889737986028194 435.56170702539384365
25.75478147529065609 434.25686288066208363
26.71308165229856968 431.24916233774274588
29.95379780046641827 429.77339572086930275
28.93484870065003633 427.74417388066649437
28.51010741572827101 427.94568055309355259
29.28444666136056185 429.46035279985517263
26.08011779654771090 431.10069994721561670
26.18065655604004860 431.43417270760983229
25.28589877951890230 433.84851402603089809
22.93865805305540562 435.01779745612293482
20.48751994129270315 434.19174895621836185
20.36624258477240801 433.86410657223314047
17.01652410719543695 435.28325314074754715
12.95132192596793175 426.71864624135196209
24.87614407017827034 421.05868320260196924

[OBSTACLE]
133.61593862436711788 422.41789390798658133
133.46917993947863579 422.86021892633289099
141.55537342466413975 424.30039181001484394
139.89503505174070597 433.63405165635049343
138.91145705990493298 433.45376087445765734
138.81783317029476166 433.96451141498982906
140.22903018817305565 434.33602058421820402
142.11765975598245859 423.97816720232367516

[OBSTACLE]
130.89334303140640259 427.00187261309474707
129.96534133888781071 432.34234960284084082
137.75541293248534203 433.77043945435434580
137.84919345565140247 433.25893523544073105
130.45420902129262686 432.00485164392739534
131.40007262770086527 427.10894763376563787

[OBSTACLE]
97.30344161018729210 418.15595490112900734
94.89424374327063560 426.42119981255382299
97.04764923732727766 427.00158240552991629
97.07948918361216784 426.60782296117395163
95.47398507315665483 426.15192723646759987
97.75403238460421562 418.28963977284729481

[OBSTACLE]
108.29116594977676868 417.50436962675303221
108.15745707973837852 417.95522152446210384
109.84948728419840336 418.40493768546730280
107.56601120810955763 426.28014190867543221
108.01329341903328896 426.42417376767843962
110.41948562860488892 418.13553944230079651

[OBSTACLE]
72.51000015530735254 423.50000010244548321
72.51000015530735254 424.91999977268278599
74.13000008184462786 424.91999977268278599
74.13000008184462786 423.50000010244548321

[OBSTACLE]
230.38157333713024855 414.42698712460696697
200.36270811967551708 414.46531129255890846
200.33380511775612831 414.71536104474216700
199.36202330049127340 414.71691625285893679
199.37403666041791439 421.98691595811396837
199.89403066132217646 421.98608395457267761
199.88739049062132835 418.75119330547749996
200.11666088085621595 414.97888264339417219
230.36368184443563223 414.93571269977837801
230.87613938841968775 418.69757455214858055
230.87396350875496864 421.93491735402494669
231.59398658946156502 421.93368276022374630
231.58197323046624660 414.66368353459984064
230.38197306357324123 414.66568326018750668

[OBSTACLE]
66.50949123501777649 406.34674868546426296
60.30882115196436644 414.93986863829195499
57.43931486550718546 412.88512123934924603
53.62723003979772329 418.45788362808525562
52.09268924966454506 417.51191982906311750
51.82478233985602856 417.89750554133206606
53.68882075138390064 419.19292983878403902
57.56026296410709620 413.59886948484927416
60.50045551266521215 415.61029592715203762
66.90236057806760073 406.61488927435129881

[OBSTACLE]
153.49509499035775661 416.85334287583827972
153.59331554733216763 417.67390060611069202
158.21799753699451685 417.67369965929538012
158.22863366827368736 416.87735103443264961

[OBSTACLE]
65.13794655445963144 399.90799889247864485
62.04338923655450344 400.56575402058660984
56.65028757136315107 408.50080617517232895
53.68167399801313877 406.37676821649074554
47.67775327153503895 415.01558914780616760
49.57063033431768417 416.26963802333921194
49.83869014494121075 415.88393642287701368
48.36587569490075111 414.84929720591753721
53.88141921907663345 407.08805912267416716
56.75541669968515635 409.08545726910233498
62.54965300951153040 400.93706593289971352
65.01665682252496481 400.51782450266182423
67.19809573050588369 401.97321399208158255
67.70007002539932728 404.51119499281048775
67.07381776627153158 405.41820555645972490
67.53801374882459641 405.74220997747033834
68.20254706125706434 404.82970448955893517
67.69479516055434942 401.74599427264183760

[OBSTACLE]
85.90053579304367304 396.08174501080065966
83.67343267891556025 398.08865316864103079
81.09222353156656027 397.92477902583777905
78.71859126724302769 399.99807746149599552
78.65509088337421417 403.14998633693903685
75.98017425369471312 405.49326786771416664
80.57337974943220615 410.57961009629070759
80.51654067914932966 410.69200402311980724
83.61286988575011492 410.89174455497413874
85.98527712188661098 408.82112643681466579
86.05003901384770870 405.66653025895357132
86.27709244005382061 405.46183238364756107
85.99592190422117710 405.14987557567656040
85.38765060622245073 405.69830022193491459
85.58842601347714663 405.99486561398953199
85.41915110312402248 408.56410057563334703
83.50500717014074326 410.35625873412936926
80.99348826054483652 410.20456490386277437
76.78398460149765015 405.53388015367090702
79.36983214039355516 403.10368126630783081
79.10043828375637531 402.71561257541179657
79.28587937727570534 400.25253627356141806
81.20026881061494350 398.46013681031763554
83.22135241702198982 398.49921181704849005
83.59879808221012354 398.93544652871787548
85.87619751971215010 396.83101761620491743
90.15454419050365686 401.42891828622668982
90.54081228189170361 401.08073403779417276

[OBSTACLE]
130.76311181299388409 399.01940241456031799
130.38372137024998665 399.29756528418511152
131.44798185676336288 400.62655561231076717
118.60143487248569727 410.16807253658771515
117.53635383117944002 408.71542116906493902
117.19820381514728069 409.03704017307609320
118.50994840636849403 410.75334838777780533
118.89996279217302799 410.59416325856000185
124.00290689524263144 406.72870709933340549
125.35236104205250740 405.86331704817712307
132.07569730654358864 400.80965650174766779

[OBSTACLE]
153.65732996910810471 405.25404942408204079
153.62734019476920366 406.07615083083510399
158.37400504294782877 406.09865335002541542
158.27578996773809195 405.27814595401287079

[OBSTACLE]
126.47882080078125000 392.43982403539121151
113.27536941505968571 402.20998305827379227
113.58284392394125462 402.62942759320139885
126.76564847677946091 392.83976475521922112

[OBSTACLE]
56.93723127339035273 384.31418405007570982
50.81431333720684052 386.36800961755216122
49.42981647234410048 389.12416965980082750
50.40676543675363064 392.11771636828780174
53.30064171925187111 393.41919650696218014
53.36235065758228302 392.95552913844585419
50.86493383347988129 391.69737015757709742
49.96471812017261982 389.23434783797711134
51.05926632229238749 386.89008469134569168
56.93437688518315554 384.86762069351971149
59.36430559679865837 386.03221753705292940
60.26448198128491640 388.49513225071132183
59.04501721169799566 391.10700312443077564
59.41159883514046669 391.36821447312831879
60.79948349110782146 388.60530065093189478
59.82243447657674551 385.61176359187811613

[OBSTACLE]
69.07000020612031221 390.79000999592244625
69.07000020612031221 392.21000011079013348
70.69000013265758753 392.21000011079013348
70.69000013265758753 390.79000999592244625

[OBSTACLE]
90.19999986514449120 385.12998977955430746
80.17999979201704264 385.12999988626688719
80.17999979201704264 385.65010048449039459
89.77980572171509266 385.55410230346024036
89.72985231317579746 389.19999020174145699
90.30004012398421764 389.19999020174145699

[OBSTACLE]
164.88849964644759893 379.10567404702305794
164.37772381771355867 379.75536637101322412
167.64722113125026226 383.02468303404748440
168.28074660897254944 382.53355818241834641

[OBSTACLE]
255.21528367232531309 353.06448346283286810
251.94598673377186060 356.33399142790585756
252.43709175568073988 356.96750697027891874
255.86496581044048071 353.57525995653122663

[OBSTACLE]
228.89426871482282877 342.31419007759541273
228.87180672492831945 347.06086465530097485
229.69233359023928642 346.96263986639678478
229.71647062525153160 342.34419010393321514

[OBSTACLE]
218.11714738700538874 342.18195437919348478
217.29657966177910566 342.28018577862530947
217.29672037716954947 346.90486714802682400
218.09312856383621693 346.91550380457192659

[OBSTACLE]
10.62163857929408550 329.80358426179736853
7.97593143209815025 340.45261025335639715
8.53200268931686878 340.62863734923303127
11.22061638999730349 329.96085265837609768

[OBSTACLE]
14.82541750557720661 318.09038102068006992
9.94681532401591539 328.13809181842952967
10.50395084451884031 328.40527091361582279
15.39563241135329008 318.32607395295053720

[OBSTACLE]
8.75147006288170815 303.80461725685745478
6.35461323522031307 313.99086748249828815
5.94334938004612923 313.79365979786962271
1.05191710218787193 323.87234257720410824
1.69902991224080324 324.18266845121979713
6.21395065169781446 314.66759883705526590
6.89522993937134743 314.83220298308879137
9.45031112246215343 303.97345522604882717

[OBSTACLE]
18.35986970737576485 306.12606316804885864
15.80488913320004940 316.98480573017150164
16.40662998799234629 317.13019293732941151
18.96171122323721647 306.27145293634384871

[OBSTACLE]
223.36321464739739895 253.27507535461336374
214.89946159813553095 257.94052229169756174
195.21441302914172411 274.58974977582693100
192.22005871217697859 280.39940017554908991
190.38771975599229336 286.76191915757954121
192.98072893638163805 309.14407886657863855
193.95892800856381655 309.03340381663292646
191.51017454080283642 287.11349522415548563
191.56300560198724270 286.51781535521149635
193.22698045335710049 280.79505088459700346
195.95237589534372091 275.50566976238042116
196.32724726479500532 275.03972925525158644
215.30270374286919832 259.02065816055983305
223.81012779194861650 254.18762908596545458

[OBSTACLE]
18.75250246655195951 296.92629408650100231
16.02045493852347136 307.63297710660845041
16.61589755676686764 307.76411371957510710
19.34794508852064610 297.05743015091866255

[OBSTACLE]
9.24970276653766632 294.83356148842722178
6.51765468530356884 305.54024299979209900
7.20919740013778210 305.69253443088382483
9.94114493485540152 294.98583603277802467

[OBSTACLE]
266.70910395123064518 255.62991843558847904
266.26921605598181486 256.55009777937084436
280.90608863625675440 263.67724050953984261
301.28427819814532995 278.99523196835070848
305.45099251437932253 283.71325694117695093
313.47643509320914745 297.12941451743245125
314.35339463129639626 296.60866302531212568
306.16669820994138718 282.78740989137440920
301.80947659537196159 277.94401067309081554
281.21675590705126524 262.54275877214968204

[OBSTACLE]
23.06602771114557981 284.87427088432013988
20.34117093496024609 295.75837784074246883
21.03957178629934788 295.93323755078017712
23.76452912017703056 285.04914795234799385

[OBSTACLE]
13.55952809937298298 282.49425060302019119
10.83457078970968723 293.37833903729915619
11.43597195949405432 293.52891656570136547
14.16092926915735006 282.64482813142240047

[OBSTACLE]
21.64750455413013697 275.26462692953646183
21.23191191628575325 285.13604293763637543
21.72429522592574358 285.33467294275760651
22.13988786190748215 275.46325748786330223

[OBSTACLE]
13.84840447269380093 272.11823620926588774
13.43281181901693344 281.98964249249547720
14.00389522965997458 282.22005372028797865
14.41948788333684206 272.34864743798971176

[OBSTACLE]
191.85373893473297358 233.76721669547259808
189.16100171860307455 255.13626941666007042
188.61354044731706381 255.11307597998529673
188.55458310898393393 255.52538736350834370
172.18418028578162193 253.46014675218611956
169.30289221834391356 276.29901061486452818
170.78267232421785593 276.50391671992838383
170.77199273370206356 276.03083888720721006
170.00824143271893263 274.86243495531380177
172.51059062592685223 255.02734028082340956
173.62771617993712425 254.11598974745720625
189.50128708593547344 256.16897099371999502
192.18013892881572247 235.33440916333347559
193.29727625474333763 234.42308030743151903
208.15890095662325621 236.34834658075124025
208.03371667116880417 237.34051946550607681
209.24412996787577868 237.49322313629090786
209.43437282554805279 235.98518043849617243

[OBSTACLE]
16.04414951149374247 264.33548381365835667
15.64522449206560850 264.64044997468590736
17.18104998394846916 274.75279518496245146
17.57997518591582775 274.44786002580076456

[OBSTACLE]
21.37635993864387274 260.26003586687147617
21.03182474430650473 260.52342016808688641
22.56588623765856028 270.62480800505727530
22.90343844983726740 270.36153283435851336

[OBSTACLE]
167.00161608122289181 237.17006432823836803
166.94651644024997950 238.18596611265093088
167.37076166551560163 238.24460282549262047
163.49316067155450583 268.98083765152841806
162.47310509253293276 268.82737569138407707
162.60265525151044130 267.81042195856571198
162.08674040623009205 267.74532701727002859
161.83393801189959049 269.74920472782105207
163.83171261381357908 270.05213201977312565
168.01433813944458961 237.29782198090106249

[OBSTACLE]
32.51372673828154802 209.42459953762590885
30.80687599070370197 214.69989028852432966
18.73018404282629490 263.66737409587949514
19.33272638358175755 263.81274479627609253
28.97076393198221922 224.73408521246165037
29.90925774723291397 224.93247964698821306
31.64243571180850267 216.96634788345545530
32.47666099108755589 216.48075399361550808
38.30616531055420637 217.76216453127563000
38.79171973187476397 218.59641098789870739
37.12974792625755072 226.45881551411002874
37.95685572549700737 226.63366390950977802
28.25498392712324858 265.96511439140886068
28.95482619665563107 266.13392400834709406
41.01429568510502577 217.24538975767791271
40.91008870210498571 217.21930037811398506
42.80153161287307739 211.47985610179603100
42.19508274737745523 211.35869044996798038
40.34294026438146830 216.96046189405024052
38.80264716967940331 223.20481997355818748
38.43952143564820290 223.12321548536419868
39.46600592602044344 218.06640085019171238
38.97752526868134737 217.30309515353292227
32.45793122611939907 215.79589442443102598
31.94582258258014917 215.80724889878183603
31.32153571024537086 216.16693842597305775
31.12091564200818539 216.01601928658783436
33.21826198697090149 209.56533165834844112

[OBSTACLE]
246.23014558572322130 255.44678011350333691
239.39547332003712654 259.50600469857454300
244.97243946231901646 263.22938712034374475

[OBSTACLE]
188.36929838545620441 229.51256701163947582
185.74011862277984619 250.35306634567677975
184.57985645625740290 251.20888395234942436
171.61589354183524847 249.63422179035842419
170.82825328037142754 248.47235002554953098
172.70476050302386284 233.59802043065428734
173.82899447716772556 232.68090059794485569
173.81990780960768461 232.22225766163319349
172.37836689315736294 232.03078146837651730
170.13399348501116037 249.84413928817957640
186.01688133459538221 251.91431385278701782
188.70793655142188072 230.58336338680237532
189.25360759068280458 230.65221300814300776
189.31619156524538994 230.15614317730069160
205.43840985931456089 232.19008322898298502
205.62866293452680111 230.68204056285321712
204.36865060497075319 230.52307705208659172
204.24348056595772505 231.51520686410367489

[OBSTACLE]
216.19666077010333538 242.01616499293595552
215.83541409764438868 243.66694187466055155
216.91876273322850466 244.00027673505246639
217.63010865263640881 243.70064441394060850
217.52243733406066895 242.26152956578880548

[OBSTACLE]
257.82609951961785555 236.98435925412923098
252.17999990470707417 237.18034087959676981
252.17999990470707417 238.35035723727196455
257.90062674600630999 238.14963288977742195

[OBSTACLE]
237.46185754891484976 221.34864507708698511
233.18577812798321247 222.54363460838794708
235.00616337265819311 226.26003342773765326

[OBSTACLE]
223.22852489072829485 224.14869299251586199
220.03290358930826187 224.20179491024464369
219.45171589497476816 226.17926106415688992
221.82665122486650944 226.05551974475383759

[OBSTACLE]
262.40185797307640314 219.68864540010690689
258.12577802501618862 220.88362480886280537
259.94616326782852411 224.60003374703228474

[OBSTACLE]
231.89851054642349482 202.67396704759448767
230.22959267720580101 203.58429564815014601
230.58054111711680889 208.79837815836071968
231.64596457313746214 209.00131562631577253
232.35020178463310003 207.39163026772439480

[OBSTACLE]
273.71876694634556770 198.84495040401816368
266.89547298476099968 202.90600431431084871
272.47242953721433878 206.62939741089940071

[OBSTACLE]
253.71029782481491566 198.40877443086355925
253.14753358624875546 202.35820462927222252
254.20364982727915049 204.13852493278682232
255.68854188360273838 203.56275044009089470
255.33748284075409174 199.52051545679569244

[OBSTACLE]
214.91891351900994778 201.74673337489366531
213.00186960492283106 201.79251388832926750
212.65616537537425756 203.14350519981235266
213.48352109361439943 203.94722629617899656
214.60520959831774235 203.29236783459782600

[OBSTACLE]
45.36897656228393316 191.85178525280207396
42.74545894376933575 202.66373783163726330
43.33942314516752958 202.79086515307426453
45.96284092497080564 191.97887157462537289

[OBSTACLE]
35.89137635193765163 189.82338547986000776
33.26795876119285822 200.63532776013016701
33.95772344525903463 200.78295547049492598
36.58114129398018122 189.97097117546945810

[OBSTACLE]
247.29988025315105915 187.76941723562777042
244.13728165253996849 189.00207344535738230
243.98340997286140919 191.08507039863616228
246.45147301349788904 193.15543554164469242
248.66186764370650053 192.37173414882272482
248.51621128804981709 189.52314305491745472

[OBSTACLE]
259.24833309277892113 190.79149454925209284
259.00246590562164783 191.88733562733978033
260.13830852974206209 192.87380076572299004
260.81794418208301067 193.04780865367501974
261.35828587971627712 191.94019509851932526
260.58328664209693670 190.90531719103455544

[OBSTACLE]
51.66576111782342196 173.96939626988023520
47.84992887731641531 180.43084375094622374
47.39203398395329714 180.29869459941983223
47.02093032374978065 181.83460035454481840
46.64508915599435568 182.47102021146565676
46.84070025570690632 182.58071587421000004
44.79463188070803881 191.04825357627123594
45.37226569931954145 191.21500567439943552
47.56876959558576345 182.12479976844042540
52.20611183438450098 174.27227819152176380

[OBSTACLE]
43.03766146861016750 169.13239566795527935
38.01698955800384283 177.63412043079733849
38.14520978834480047 177.70602139830589294
35.57954458892345428 188.38875826261937618
36.25036626495420933 188.58230449538677931
38.84795306529849768 177.83207955770194530
43.66511102952063084 169.48417885135859251

[OBSTACLE]
227.94844922982156277 182.42029951419681311
225.71903668809682131 182.46808900218456984
225.48837047349661589 184.44585886970162392
226.90382906422019005 184.80161191150546074
228.05014163628220558 183.74998356867581606

[OBSTACLE]
229.55637190863490105 166.91357835847884417
228.52362576220184565 167.79910781700164080
228.11275497358292341 170.97230660729110241
229.21431003883481026 172.63997658528387547
231.32360839005559683 172.12753804773092270

[OBSTACLE]
263.30570977460592985 166.63577608019113541
262.13986600190401077 168.18653149344027042
262.75296521559357643 169.05006862990558147
264.54182033799588680 168.99221422430127859
264.72823525778949261 167.28208903595805168

[OBSTACLE]
51.73371060471981764 159.14315354637801647
52.62184369284659624 168.19068468734622002
53.21727696433663368 168.25384183879941702
52.31652319710701704 159.26804946549236774

[OBSTACLE]
42.23272311035543680 158.19705774262547493
43.13356071803718805 167.18368650414049625
43.82477710023522377 167.25704230461269617
42.92393949255347252 158.27041354309767485

[OBSTACLE]
249.30185764189809561 161.78864498808979988
245.02577769383788109 162.98362493142485619
246.84616346750408411 166.70003386586904526

[OBSTACLE]
57.30652794986963272 149.21107089705765247
54.58167057391256094 160.09507176559418440
55.28007205948233604 160.26992931403219700
58.00492944009602070 149.38592790067195892

[OBSTACLE]
47.79992780368775129 146.83097080234438181
45.07507100142538548 157.71507202088832855
45.67647232487797737 157.86562929302453995
48.40132912714034319 146.98152807448059320

[OBSTACLE]
291.22340643219649792 89.01218066085129976
290.03973826020956039 89.22721994947642088
286.84881255030632019 90.41731285117566586
285.88328697998076677 91.12319144327193499
286.54367421846836805 92.14801075402647257
287.56461683474481106 91.52645721565932035
290.25971222389489412 90.42725254874676466
291.27227707300335169 90.24330405890941620
293.74013772699981928 90.80395482014864683
295.17803243827074766 93.00739445816725492
292.40095893107354641 94.72928736358880997
292.26946369837969542 94.62989065423607826
284.91916806437075138 99.17920001130551100
269.17698217555880547 102.03968804329633713
264.04236237984150648 105.12878827378153801
257.91431265324354172 106.24229552876204252
255.44649246521294117 105.68164534587413073
254.00406771618872881 103.47132553346455097
253.78807054832577705 102.28277304861694574
253.09477938059717417 102.40878744889050722
252.97615381516516209 102.12873895093798637
258.39245035871863365 98.24930178560316563
257.69855309557169676 97.24611243419349194
252.03373987134546041 101.13835366163402796
249.64751300122588873 101.57982211746275425
246.50842905789613724 101.65557838510721922
228.67222376540303230 98.42249607853591442
219.38543145544826984 100.53489464707672596
216.53785813320428133 100.52089471649378538
210.75781995337456465 101.76750934869050980
207.33650914765894413 101.79801009967923164
197.93547036685049534 103.94386965036392212
193.10948985442519188 107.21993197593837976
189.96200932934880257 108.62835262157022953
176.82740597333759069 117.73924259468913078
147.78457704186439514 123.97266500163823366
147.86262509506195784 124.09322169236838818
143.54123281314969063 128.38345440290868282
143.59660891909152269 128.47119682375341654
140.93650770187377930 130.34415548108518124
127.83532347902655602 143.77215945161879063
125.18824151903390884 145.64023135416209698
119.41178961750119925 148.13573226332664490
115.87344911228865385 150.63525538053363562
116.55187571607530117 151.61245332006365061
115.75717703159898520 151.84877256862819195
116.16957139316946268 152.94702662993222475
107.02083944994956255 153.84954813774675131
104.27427992876619101 152.98689316771924496
102.74069337360560894 151.02014354057610035
103.06011715810745955 148.55469777993857861
105.03967086505144835 146.97679534554481506
116.12352644838392735 141.08182976394891739
118.85961405374109745 138.96526382677257061
119.84655921533703804 135.73592128790915012
120.30007791612297297 131.11229028087109327
119.28882793709635735 121.56569129135459661
124.88656098674982786 120.97282367199659348
124.88568812981247902 121.09579546749591827
125.85043026041239500 121.08671867381781340
128.45891654491424561 122.15315462090075016
130.01860075630247593 124.59818572830408812
131.67175244633108377 126.42571554798632860
133.40756718162447214 127.96578748803585768
133.33049742411822081 128.04869573563337326
135.80774716194719076 130.18420425057411194
127.06830290518701077 139.60990682989358902
124.73171988688409328 141.23419701494276524
113.09144533239305019 146.65001959912478924
110.65985831525176764 146.67165935412049294
110.16787128988653421 147.87135039549320936
113.65150644909590483 147.88290759455412626
125.30320727452635765 142.38132271170616150
128.05897029675543308 140.53312756493687630
137.53194229397922754 130.11598858051002026
132.53091316856443882 125.49443855974823236
131.09390013199299574 123.92536376137286425
129.34442088752985001 121.22214830201119184
126.10625838208943605 119.88431426044553518
125.14354331418871880 119.87746392283588648
125.12691040337085724 119.72049990110099316
117.99313468206673861 120.47790688183158636
119.08569758478552103 131.22989132534712553
118.63287258334457874 135.61190584674477577
117.83301409240812063 138.22917306516319513
115.76655734889209270 139.91593209374696016
104.68271207250654697 145.81099252775311470
101.89359910786151886 148.01035685185343027
101.52849945332854986 151.45876597985625267
103.70802822615951300 154.15451816935092211
106.86578182782977819 155.16055194940418005
116.50064946990460157 154.22512968070805073
117.62382555287331343 153.81355270929634571
116.86787770874798298 151.53622948937118053
120.18959047272801399 149.14929997734725475
125.96142265852540731 146.76740321982651949
128.64265863876789808 144.84731013327836990
141.69530006591230631 131.41787780728191137
144.36133763287216425 129.47227206639945507
148.73204855993390083 124.95834088232368231
177.76555099617689848 118.73685275577008724
190.73978243488818407 109.64181339647620916
193.44838151149451733 108.51413195766508579
198.22792089171707630 105.23042904026806355
207.64177137147635221 103.09817421808838844
210.48657949361950159 103.03297541104257107
216.26633940450847149 101.78642296791076660
219.66540963575243950 101.85982394404709339
229.13470499310642481 99.73820191808044910
246.53134060371667147 102.90772100817412138
249.37793435808271170 102.84238041937351227
252.55100124515593052 102.29882579855620861
252.80440179165452719 103.69320845138281584
254.60082242265343666 106.65173093136399984
257.96328362543135881 107.47341951820999384
264.26407751441001892 106.32851164881139994
269.39869786519557238 103.23941193241626024
285.14098772872239351 100.37881191074848175
295.41018769796937704 94.20071166474372149
296.59892730321735144 93.98465065658092499
296.38220763579010963 92.79239146690815687
294.58579777460545301 89.83396918419748545

[OBSTACLE]
104.80243636481463909 123.91021713893860579
97.58820264413952827 124.82143211644142866
97.74145555868744850 126.03177705500274897
103.69392515160143375 125.27807712089270353
104.44622024148702621 131.22010970022529364
104.48020863626152277 133.35979967657476664
103.45242706593126059 135.85760982614010572
95.95631585642695427 141.15565163642168045
93.46911026444286108 143.68704162724316120
91.95971206389367580 146.05700302869081497
90.62974433321505785 149.34930979181081057
91.32150944136083126 152.53952947817742825
91.86108302976936102 153.62853401806205511
89.34218257293105125 153.60281896498054266
88.21421734616160393 153.16988070216029882
87.77704078890383244 154.30885269306600094
88.90841419808566570 154.74309930019080639
92.36752341501414776 154.74490096699446440
93.47480966150760651 154.25188711285591125
92.52968042530119419 152.10169951803982258
91.91183850262314081 149.24516505282372236
92.84804046619683504 146.89220380969345570
94.55497902631759644 144.24843239039182663
96.45749841723591089 142.26721799280494452
104.30162218585610390 136.73292210977524519
105.66496688500046730 133.50070619862526655
105.65670799836516380 131.06808820553123951

[OBSTACLE]
248.46866543684154749 113.80300309788435698
247.33575367461889982 114.25572449341416359
248.52310324832797050 117.22732416354119778
244.44561182986944914 118.85656859353184700
236.33877317607402802 124.06126622110605240
234.49213229771703482 126.73170650377869606
232.67749255150556564 128.49307311326265335
229.80138738173991442 128.47403723001480103
229.83274713065475225 127.92803407739847898
228.62646046560257673 127.81617651972919703
225.28829873260110617 128.71796545106917620
222.74309788923710585 130.13415553513914347
220.44190986081957817 130.84660506062209606
221.15499863401055336 133.14969825465232134
222.76278721913695335 136.11673054285347462
224.30287397745996714 137.97148456610739231
226.16487753111869097 136.46501782722771168
228.70825243089348078 135.04984455276280642
229.86312037426978350 134.69229527190327644
229.64880422782152891 134.00009032711386681
231.87931735999882221 133.42269332613795996
234.53481379710137844 133.82374325022101402
236.69913796428591013 135.75459771323949099
250.26181355677545071 153.84392104018479586
251.36380060762166977 153.01313821412622929
237.67211514338850975 135.01857863273471594
235.15255225636065006 132.77081552613526583
231.74004487879574299 132.19858596567064524
229.40489283576607704 132.80302477721124887
229.58559777028858662 133.50109888520091772
228.34569813311100006 133.88497471157461405
225.30284928157925606 135.36860318388789892
225.39166702888906002 135.48317765537649393
224.46223037876188755 136.25362451747059822
223.70267260819673538 135.33886949438601732
222.31983117014169693 132.78700162284076214
221.96826984640210867 131.65154851693660021
223.11703409813344479 131.34115764219313860
226.12853644508868456 129.73495535086840391
228.50197210907936096 128.98272029496729374
229.73824437148869038 129.15767219103872776
229.54941710829734802 129.59782109782099724
233.02050641644746065 129.73425259720534086
235.54821167979389429 127.44529800489544868
237.16972095333039761 125.04176574293524027
244.90009656548500061 119.98871607519686222
250.10869677364826202 117.90747555717825890

[OBSTACLE]
247.71810143254697323 123.20999983139336109
244.41528251208364964 124.51111039519309998
242.08277493529021740 126.10869094170629978
239.51743242889642715 128.52956601325422525
239.49928836058825254 131.99728941079229116
241.74026117753237486 134.26195095852017403
241.67807923536747694 134.39311748929321766
243.57539832219481468 136.27294752560555935
248.84000154212117195 144.37950622662901878
248.93562724068760872 144.29444258753210306
251.19919470418244600 146.55913655459880829
254.64907705597579479 151.83937934320420027
256.17929916270077229 153.41269332729279995
257.13468884024769068 152.41685916762799025
255.57369455602020025 150.89734452031552792
252.02076046634465456 145.65924191661179066
249.86226174701005220 143.45775274839252234
244.69279909133911133 135.78516809083521366
240.66150278225541115 131.43959723412990570
240.73256018385291100 128.95453063305467367
242.54421045072376728 127.18656304478645325
245.36300364974886179 125.37352900020778179
247.72189807426184416 124.43001089338213205
253.32837673649191856 124.46235789638012648
253.33000277355313301 123.20999983139336109

[OBSTACLE]
49.80561538599431515 132.85060096997767687
49.19102953374385834 132.88109204545617104
49.38398470170795918 143.75419751368463039
49.99867059662938118 143.72380919661372900

[OBSTACLE]
59.61751548200845718 132.36490280088037252
58.90372987557202578 132.40019036363810301
59.09668456297367811 143.27339881565421820
59.81047012284398079 143.23800803348422050

[OBSTACLE]
59.56247719749808311 122.81409480608999729
56.11395380925387144 133.01008636225014925
56.75749961659312248 133.28280348796397448
60.22666598204523325 123.09501494280993938

[OBSTACLE]
50.80857269372791052 119.11230772174894810
47.36241669114679098 129.30298077501356602
47.93825498968362808 129.45840000547468662
51.36775960680097342 119.34799952525645494

[OBSTACLE]
160.62053610943257809 101.75985169876366854
139.24093040823936462 111.50396860297769308
133.10688504856079817 112.87649056874215603
130.49013616424053907 115.56071420852094889
130.65943313576281071 115.64150020014494658
130.76587527710944414 119.08686833176761866
132.70208497811108828 121.57453139312565327
135.13961566332727671 123.77887209691107273
136.11845149938017130 124.44814576674252748
138.19078195467591286 126.49670098163187504
138.89080040156841278 127.48160192836076021
141.77283412218093872 125.56132586486637592
141.82974831201136112 125.65222080610692501
144.47214261442422867 123.76202902663499117
146.73256369587033987 121.46333143953233957
148.93604267574846745 120.06712290737777948
163.89601153135299683 116.96988961938768625
163.04182751476764679 112.57576541323214769
161.34095513075590134 108.77196533698588610
161.21242235973477364 102.69670907966792583
161.06845634710043669 102.74371833354234695

[OBSTACLE]
65.62867889553308487 111.18938675336539745
59.85421039536595345 119.35084438789635897
60.45074496697634459 119.55437802895903587
66.22414705343544483 111.39621853921562433

[OBSTACLE]
62.37152807042002678 88.62726984452456236
57.34455253928899765 108.70696033351123333
51.77922787796705961 116.59505016542971134
52.29340160265564919 116.77049739472568035
57.48491795826703310 109.31406106147915125
57.79234616272151470 109.43300997558981180
62.97303340770304203 88.77793032862246037

[OBSTACLE]
103.32154830265790224 109.30969604663550854
102.18172501865774393 109.45734692178666592
102.72201213985681534 114.22391868848353624
96.76944328844547272 114.97753515187650919
96.92268503922969103 116.18787717353552580
104.08548998087644577 115.28096296358853579

[OBSTACLE]
188.20240720920264721 93.28214657492935658
182.77931569982320070 94.48771347757428885
176.43605714850127697 94.56503817066550255
171.58841883204877377 97.95425993762910366
165.79114474635571241 100.54785667173564434
164.57791901472955942 100.81653991807252169
165.11525792162865400 103.04374713730067015
165.20909146685153246 105.96437637414783239
164.41203426476567984 110.44030346628278494
165.13092843815684319 114.05014342349022627
165.31771123781800270 113.93359232321381569
168.18199585657566786 115.83584497310221195
168.22664212808012962 115.63966334238648415
177.30951883923262358 113.58522774837911129
179.75141966529190540 112.47571800742298365
189.49125965777784586 105.62917625252157450
195.26330464892089367 103.14542224723845720
195.02758767735213041 101.88920899294316769
195.37929444108158350 101.51029562018811703
191.75454321410506964 99.21002394147217274
189.53510094806551933 97.02970073185861111
188.39970425330102444 94.47350718453526497

[OBSTACLE]
233.56060052383691072 77.87718559056520462
232.34088558144867420 77.90361908636987209
232.39297115150839090 80.30477289855480194
229.11376767884939909 80.97474149055778980
226.17983254231512547 82.35355337988585234
223.34442287404090166 82.94912506174296141
216.94545455463230610 83.10214581713080406
213.66949677746742964 84.41586436051875353
211.36477916128933430 86.06027692928910255
208.53214534930884838 86.68791093863546848
205.33254408743232489 86.72051091026514769
202.19017607439309359 87.39779975730925798
189.96344368252903223 87.39439934492111206
184.19579330459237099 89.95445347763597965
181.36207834817469120 90.58232374861836433
178.16289276722818613 90.65172206144779921
174.87470253091305494 91.32352444715797901
169.00799526926130056 93.95933172665536404
166.35069085936993361 95.75490093417465687
163.88881639763712883 96.82891341298818588
160.60236613359302282 97.50035804137587547
157.67234849929809570 98.93673933483660221
154.73481893353164196 100.08767645061016083
148.87917424645274878 102.71214675623923540
142.75249131396412849 104.03676603641360998
137.62237668875604868 107.72672581207007170
131.48647178057581186 108.96942872460931540
128.55061832070350647 110.31597131863236427
125.87982680927962065 110.91367181763052940
123.39739508181810379 109.93755817133933306
123.06786750163882971 110.27678047213703394
118.58959474321454763 110.46977270115166903
118.40954863000661135 104.41001181583851576
117.45670771878212690 104.43791191652417183
117.36284668184816837 104.17999170813709497
118.03513072244822979 103.64872569032013416
124.06033271271735430 102.03551741782575846
124.93069601897150278 101.33859578426927328
124.17460653372108936 100.38172101788222790
123.21082514338195324 101.07099151331931353
117.48739028722047806 102.56617831811308861
116.87757636792957783 100.15844392031431198
118.10188369546085596 97.91209585778415203
132.88181168492883444 86.31871802639216185
134.36985393986105919 88.20184621401131153
135.32705614157021046 87.44544589985162020
133.08264608029276133 84.60515365470200777
117.38132042065262794 97.01263124682009220
115.59507739823311567 100.08391517400741577
116.52220273856073618 103.42325023282319307
117.21060750354081392 104.28303193487226963
117.40057168994098902 111.66248824819922447
123.41803745459765196 111.48690422065556049
123.40917860157787800 111.18323726952075958
125.74322842992842197 112.16395119391381741
129.04010711144655943 111.43345381412655115
131.91863368451595306 110.17954692151397467
138.09877107199281454 108.78692222293466330
143.19045103155076504 105.22172207385301590
149.36860703118145466 103.82974395900964737
161.03470566309988499 98.71053553093224764
163.92085909470915794 98.04777647554874420
167.08787074871361256 96.79225017037242651
169.50099629256874323 95.07524652872234583
175.30687943752855062 92.53363670594990253
178.19127903413027525 91.87137561757117510
181.39050881285220385 91.80197633523494005
184.68517403863370419 91.07195962686091661
190.54302972555160522 88.55701450165361166
202.47484899125993252 88.63970770128071308
205.36129994783550501 87.97697537392377853
208.56052176468074322 87.90757609251886606
211.85609236545860767 87.17735577374696732
214.68332324828952551 85.28253255411982536
216.97524249367415905 84.30755585059523582
223.37281127367168665 84.16877655405551195
226.66748731862753630 83.43885389249771833
229.54602266196161509 82.18483845330774784
232.43042030092328787 81.52257537841796875
233.63911440689116716 81.49638072494417429

[OBSTACLE]
71.87812777236104012 91.00737118534743786
66.72443023510277271 111.59303323645144701
67.43318563140928745 111.70085393078625202
70.14803537167608738 100.88282625470310450
70.04763341788202524 100.85772536788135767
72.47963249869644642 91.15792852547019720

[OBSTACLE]
124.88137776777148247 73.17025756556540728
124.01823786832392216 74.03249238617718220
124.86630818434059620 74.88149222731590271
106.19444956164807081 93.53346692118793726
104.77735546324402094 96.78799378033727407
103.44479035027325153 102.80503702536225319
102.98835801891982555 105.69536595884710550
102.53283498249948025 106.79343147762119770
100.31601531524211168 105.87383176106959581
99.84853128530085087 107.00070525705814362
103.19225503038614988 108.38776851259171963
104.11606017220765352 106.16085525602102280
106.07705800235271454 96.68261519912630320
107.05936990864574909 94.39381375350058079
126.59165190625935793 74.88240785337984562

[OBSTACLE]
226.05760890711098909 86.58029764052480459
223.24547467846423388 87.18428157828748226
220.05171364732086658 87.12836652342230082
216.82752401567995548 88.41453088913112879
214.43548173829913139 90.06822079513221979
208.42859140783548355 91.31469420716166496
205.75679362472146749 91.29960571508854628
202.47156250104308128 90.61179025005549192
192.89791359379887581 92.55249161086976528
191.77935146167874336 93.01589515060186386
192.62332116533070803 95.20449731871485710
194.49043857213109732 98.04504245705902576
197.72560969647020102 99.40143303107470274
197.68645689915865660 100.34368932247161865
198.82643472310155630 100.40103883203119040
229.90616851486265659 95.55463242623955011
231.11414589919149876 95.60480650514364243
231.16480656899511814 94.38582340627908707
229.95487180724740028 94.33556805178523064
198.93472765386104584 99.10801478940993547
198.95015887822955847 98.14012368768453598
197.74833695311099291 98.12542514037340879
195.36943498719483614 97.10800404474139214
193.79331070091575384 94.67550691775977612
193.37404781952500343 93.67825058195739985
202.47004355210810900 91.89560725726187229
205.30746646597981453 92.50180029589682817
208.81430982891470194 92.49999963119626045
214.87754306010901928 91.24108649324625731
217.67968923132866621 89.33248522970825434
220.00404423568397760 88.40809650439769030
223.19804288633167744 88.40229810401797295
226.49362347461283207 87.75441394839435816
228.79280316084623337 87.78695875685662031
231.37902855873107910 89.43294661864638329
232.25610414799302816 91.75989003106951714
231.28537361603230238 94.05939695797860622
232.16326044593006372 94.91531855799257755
233.59814083203673363 91.49286142550408840
233.44564332906156778 91.48147426359355450
232.07024839613586664 88.36913708783686161
229.44721459876745939 86.58770678378641605

[OBSTACLE]
238.29742899909615517 81.80169754661619663
234.34888306818902493 84.00151127669960260
236.08930008579045534 87.15560993552207947
236.41969184949994087 89.53383524250239134
235.20720270927995443 93.94347683060914278
235.01567382551729679 95.13879325427114964
236.13297765981405973 95.31768901553004980
236.11478518694639206 95.42936772946268320
248.78077452257275581 97.35434599686414003
252.18822139594703913 96.69517271686345339
255.75166811514645815 93.97633550968021154
255.03646197915077209 92.98820035438984632
251.64517500344663858 95.46543159428983927
249.02698221802711487 96.08301702514290810
236.35357986204326153 94.09608448110520840
237.59423532243818045 89.86377191357314587
237.19477242790162563 86.37506829574704170
235.98874875809997320 84.48456971906125546
238.89118244405835867 82.86746887676417828

[OBSTACLE]
244.21941879019141197 57.94321758020669222
238.00741800758987665 58.85146284662187099
235.60156474821269512 58.72820125985890627
235.53917152341455221 59.94667579419910908
237.94696377497166395 60.06993538606911898
244.16357909701764584 59.20977282896637917
286.58057951740920544 69.93694965261965990
289.00262899324297905 71.09776265639811754
291.54126873891800642 73.05456035677343607
293.23032542690634727 74.93753317557275295
293.11809743661433458 77.41831138543784618
291.17251837532967329 79.19614869914948940
282.09275438543409109 80.52371426858007908
276.02514570858329535 78.96158168558031321
270.58386741299182177 76.23567246925085783
237.59651128668338060 67.88424938730895519
235.81107599288225174 65.90697516594082117
235.40647299773991108 64.76872784551233053
234.25693824887275696 65.17742749303579330
234.66282755229622126 66.31919326726347208
236.91166683007031679 68.94890474900603294
270.61084618885070086 77.56422052159905434
275.88091509509831667 80.21203535143285990
282.03032696526497602 81.74248000979423523
291.58320418000221252 80.34577691741287708
294.21444908063858747 78.09560609795153141
294.48268590401858091 74.63950403314083815
292.29408259503543377 72.02854424994438887
289.91660070233047009 70.29088823683559895
286.88349328842014074 68.70099321100860834

[OBSTACLE]
245.61978000402450562 44.15979184396564960
245.02455201558768749 45.22474998515099287
246.08163098338991404 45.81560952309519053
249.29193483199924231 46.85571668762713671
260.01999571453779936 48.11633529607206583
263.22121570352464914 47.92313526384532452
265.88649773504585028 48.23619976174086332
268.67966805677860975 49.79732148442417383
274.60752300266176462 50.67996662855148315
295.55156872607767582 57.53010264504700899
297.89496150240302086 58.83974867127835751
302.67139441706240177 62.91229144483804703
305.73849153984338045 64.69737908616662025
314.37926447670906782 67.50948898773640394
317.89923592377454042 67.98547421675175428
320.63027178589254618 65.85191824287176132
321.16795189958065748 64.87511784955859184
320.10347312595695257 64.28022899758070707
319.47572157625108957 65.28290033899247646
317.47947565838694572 66.76856176834553480
314.96923431195318699 66.44240603037178516
305.82800431083887815 63.41912479698657990
303.62478536926209927 62.15219156723469496
298.84827846474945545 58.07967026811093092
295.89428786467760801 56.28444345202296972
275.19757591281086206 49.61303037311881781
269.27169232629239559 48.73057844676077366
266.47841749060899019 47.16939267516136169
263.06118649430572987 46.64103005919605494
260.16046286653727293 46.90444688033312559
249.43626506160944700 45.64428339153528214
246.67512914445251226 44.74969046469777822
