[SCALE]
1.0

[BORDER]
78.67398853320628405 6.24110890738666058
73.04050626698881388 18.16230025421828032
69.84904255066066980 30.71488077286630869
70.34771187137812376 30.86120253335684538
73.66220428328961134 18.06381990574300289
79.14553452748805285 6.46030580624938011
79.92312849871814251 0.00000000000000000
145.76141854468733072 0.00000000000000000
145.82253667525947094 0.30544068478047848
142.18541070818901062 1.82171599660068750
129.85139528848230839 3.81429503113031387
126.76311417203396559 8.15528620034456253
126.63074967823922634 11.11753238923847675
130.98573896009474993 5.85227682907134295
142.41451044380664825 4.54336132574826479
156.59581182524561882 1.02453013788908720
158.25714552775025368 0.00000000000000000
168.15020055696368217 0.00000000000000000
173.04288186971098185 15.85540907364338636
212.59881820529699326 31.69632197171449661
209.42884559836238623 45.90304770972579718
212.21774758771061897 51.59582898393273354
229.98000011220574379 46.23216555081307888
229.98000011313706636 55.28048580605536699
215.09070032369345427 60.22934295795857906
213.64596424903720617 76.75067984592169523
227.54109765682369471 117.51668641995638609
217.19881483074277639 133.98442336730659008
219.62191413808614016 140.19954124838113785
214.99556871410459280 139.69496877025812864
215.10956316720694304 138.20361126028001308
207.71114127989858389 137.63808688987046480
207.68371338117867708 137.99691755510866642
207.28769934829324484 137.97027210425585508
207.29296139162033796 136.29136991128325462
205.67290762253105640 136.29136991128325462
205.67484689224511385 137.86182408127933741
196.15487398114055395 137.22169198840856552
196.09041398204863071 136.94869010616093874
196.29005660396069288 136.83148059714585543
196.00146055407822132 136.33993326686322689
195.50992349907755852 136.62852958310395479
195.72200092300772667 136.98975270893424749
195.60165806394070387 137.18449322134256363
194.75068372581154108 137.12727289181202650
194.71550126280635595 136.24857934005558491
194.20857214368879795 136.36451117601245642
194.37728753779083490 137.10216537490487099
193.30779287125915289 137.03025152906775475
192.77025222126394510 145.03221722412854433
203.97877552267163992 145.78516033757477999
203.93166441749781370 147.25316403247416019
206.45036422833800316 147.33400554582476616
206.49464282020926476 145.95416155736893415
207.05816516000777483 145.99201504699885845
207.25853090453892946 142.43755185883492231
214.74219871032983065 143.00959309097379446
214.94833603035658598 140.31278815865516663
219.79229156579822302 140.63653391972184181
220.95527004823088646 143.61951204668730497
223.41115385014563799 143.90352080110460520
223.29804024472832680 145.01618454325944185
227.39557875692844391 145.43386876676231623
226.96581995114684105 150.34584410302340984
224.50401258561760187 150.10162233002483845
224.39608307834714651 151.21642606612294912
226.86867461912333965 151.45598300546407700
226.38495030440390110 156.98582341335713863
226.23407003562897444 156.98324786033481359
226.23784721549600363 157.15228738635778427
222.21298183407634497 156.70303356554359198
222.63549925386905670 155.70073932968080044
220.27075753360986710 154.70400124695152044
220.24785558041185141 154.47995298355817795
222.40484182815998793 152.99592908471822739
221.75439582578837872 152.05910769011825323
219.14905369654297829 153.87834922224283218
219.61238033697009087 154.60314688645303249
219.28285692352801561 155.51450757030397654
221.02598348166793585 156.24236864969134331
220.94339977856725454 156.56132333632558584
218.54937245976179838 156.29410299099981785
217.77421761862933636 164.23523324914276600
217.98630365729331970 164.25855729263275862
217.96220400650054216 164.55442355014383793
218.10574337281286716 164.57024977542459965
217.36972235981374979 170.73014170397073030
217.78733268380165100 170.77584873419255018
218.06007087323814631 168.28409372456371784
224.54008072987198830 169.42862277198582888
224.04751200880855322 164.89541292190551758
225.69057768769562244 165.10605388320982456
226.41602857783436775 158.19139820430427790
229.98000011313706636 158.47209529578685760
229.98000011313706636 181.13690301403403282
229.55345392134040594 181.10179330781102180
229.28931328747421503 184.31093592755496502
229.98000011220574379 184.36779071670025587
229.98000011220574379 185.98647419922053814
229.20688358228653669 193.46008823346346617
229.10385677218437195 193.44926432520151138
229.05727777071297169 194.02626558765769005
229.17226594034582376 194.08101702947169542
228.82629708759486675 196.79819966107606888
197.84064638800919056 194.02059667091816664
197.92420670203864574 193.00547422561794519
194.71506417822092772 192.74129318818449974
194.63341118767857552 193.73309500981122255
176.21087003033608198 192.08166913222521544
176.22710828203707933 191.71864997595548630
176.63107011560350657 191.71864997595548630
176.63107011560350657 190.09865012392401695
175.01107000280171633 190.09865012392401695
175.01107000280171633 191.97411714866757393
174.56929891556501389 191.93451608810573816
174.56915956456214190 188.49982999637722969
172.68876012787222862 188.49982999637722969
173.30886173807084560 182.18093017581850290
172.69155012071132660 182.23125286120921373
147.68853306956589222 179.94137417431920767
148.08316736295819283 176.78025200869888067
149.22280087973922491 176.37793617509305477
149.29395334981381893 175.56459962390363216
147.08239965885877609 175.37111655343323946
146.59260645229369402 180.96973043307662010
172.09523911587893963 183.20090231020003557
171.33227660413831472 192.15589760057628155
168.38574252184480429 192.04168673884123564
145.97659664787352085 190.11470690183341503
144.66398766823112965 206.06858940329402685
155.37325970642268658 207.00067377369850874
155.46372476033866405 207.20725677721202374
154.04345410596579313 209.04305310919880867
155.10317535232752562 211.39328068308532238
157.50489425007253885 211.59178041853010654
159.00490201450884342 209.59812524821609259
158.03230857290327549 207.22962813451886177
179.16863158624619246 209.04744439013302326
177.57137391902506351 211.57404896803200245
178.51806900929659605 212.17252614814788103
178.90516081359237432 211.56021158490329981
179.12879336811602116 211.57326099090278149
180.11442349385470152 213.62848688568919897
182.51844350062310696 213.81785716768354177
183.99380916729569435 211.71729356609284878
182.97558187320828438 209.56615886837244034
183.10102174431085587 209.38555649761110544
189.31060036178678274 209.91737642977386713
189.22032780293375254 210.92094223946332932
188.69645010493695736 211.10372629761695862
188.13388965930789709 218.57615671027451754
188.51315059326589108 219.04307885374873877
188.47701488714665174 219.46335265319794416
106.42246291600167751 212.26371444109827280
105.80160761158913374 210.02503263764083385
106.10610545612871647 206.48434082977473736
107.78296864777803421 206.63039721921086311
107.33029886800795794 211.59221215825527906
114.72243177890777588 212.23516898602247238
115.15408860705792904 207.27242882829159498
121.05530249141156673 207.78643020894378424
120.63034107349812984 212.67221591062843800
128.02242942340672016 213.31517879851162434
128.44686002563685179 208.44937156047672033
129.66465918719768524 208.57280497439205647
129.65997039992362261 210.21999992430210114
131.28000006172806025 210.21999992430210114
131.28000006079673767 208.59852708783000708
130.79842187091708183 208.66490913834422827
132.04339084774255753 194.65352701768279076
126.46929064113646746 194.19048943929374218
126.27448857482522726 196.43596871662884951
127.08951815403997898 196.47284763120114803
127.68323706462979317 195.42080281395465136
130.97439525462687016 195.70853220392018557
130.18409362342208624 203.80020991340279579
128.36444996763020754 203.80020991340279579
128.36444996763020754 205.73174221534281969
128.14230466540902853 205.72154667135328054
127.97780240979045630 207.34721387363970280
98.84995416644960642 204.72599007189273834
98.90150890406221151 204.17663685325533152
113.19633872341364622 205.41092496551573277
113.47203170321881771 202.13704647123813629
114.94454554840922356 202.24648372642695904
115.13101273681968451 199.73338567931205034
113.68346637580543756 199.62623288761824369
113.87052881624549627 197.40484587196260691
113.61110751144587994 197.38270211778581142
113.66895237192511559 194.31240189261734486
119.79792535956948996 194.59261598903685808
119.79172679223120213 194.71136636380106211
120.41231528483331203 194.71157301776111126
120.44361729826778173 194.19263003580272198
113.23319880478084087 193.67017244268208742
113.07643023133277893 197.26554395351558924
99.52011036965996027 196.17988201510161161
99.36723147891461849 197.65480995550751686
97.49916993547230959 197.65480995550751686
97.49916993547230959 201.18265219405293465
90.14469382911920547 198.52379143889993429
91.51886951643973589 194.94392792135477066
90.18798263650387526 194.43305067718029022
90.24557664245367050 194.12229988723993301
90.43866031616926193 194.12229988723993301
90.45980050787329674 192.50265633314847946
89.04727233480662107 192.49198720417916775
90.29941427614539862 189.05177288874983788
90.96439601201564074 188.74880398903042078
90.65603068470954895 188.07197686936706305
90.79966714791953564 187.67733338009566069
84.67403672076761723 185.44778505340218544
84.73363060038536787 184.83789492491632700
84.12798378989100456 184.87893092632293701
84.12585212569683790 185.24825860653072596
83.26332992035895586 184.93433157540857792
80.85092536546289921 191.56980988010764122
80.25798004586249590 191.56980988010764122
80.25798004586249590 192.36665420047938824
79.24032724648714066 192.08402721770107746
78.40998285170644522 194.46263559442013502
79.64275071676820517 194.89297272823750973
79.40607654862105846 195.54393940418958664
86.96222624555230141 198.22059644293040037
87.09145427215844393 197.86553904414176941
98.09835612867027521 201.80777557939291000
97.82968161720782518 204.66211407165974379
72.89367331750690937 197.55205264780670404
74.56611904595047235 194.08771325182169676
74.43948602769523859 193.29310708865523338
73.66104044206440449 193.48890590388327837
72.43097708094865084 195.65915694832801819
67.23729642014950514 227.59109622612595558
66.73035301733762026 229.73893300909548998
67.20399389974772930 232.40867620520293713
68.06511362921446562 232.80847502499818802
68.38996336422860622 232.08937526494264603
68.07465695682913065 229.27284432388842106
92.64268516562879086 232.30108337383717299
93.48951774742454290 236.09269465040415525
93.19975017290562391 236.21701342519372702
91.56258137803524733 233.77618610579520464
91.51827254053205252 233.24155489355325699
68.26850846130400896 233.02597178891301155
68.29128415510058403 233.46170774567872286
81.37053408753126860 233.58932047709822655
81.21472080331295729 240.20811977703124285
81.93362266104668379 240.20532449427992105
81.94004339259117842 241.66993304248899221
83.98487938195466995 241.68578770942986012
83.98500049300491810 239.59006598498672247
81.71718251518905163 239.57505944557487965
81.72962900809943676 233.59339117910712957
83.58950925245881081 233.61950820498168468
83.37191483192145824 238.62245591543614864
90.78490612749010324 238.94486518111079931
90.99237448256462812 234.17473053932189941
91.25699876435101032 234.10015881899744272
93.93106181360781193 238.06965179461985826
94.78288915473967791 241.88362423609942198
91.77138452418148518 241.72575941961258650
90.94263541977852583 247.18109043128788471
96.00467334501445293 247.35406688880175352
96.41571454238146544 248.38106874376535416
96.31587117072194815 248.58591139689087868
96.66709209047257900 248.83200895600020885
99.54206340853124857 252.84977219533175230
99.42950194887816906 253.05846543796360493
90.25237058103084564 252.69504418503493071
90.28944624029099941 251.42097149603068829
89.87790403515100479 250.78463250678032637
84.81038229074329138 250.81018637772649527
83.36242801602929831 251.18184601236134768
82.94921089708805084 255.67189343553036451
83.49298587441444397 257.43705793935805559
88.92179250717163086 258.03729283530265093
90.12759891524910927 256.98271375801414251
90.21985253132879734 253.81249860115349293
100.52316498383879662 254.22084841877222061
102.85546924639493227 257.48022920638322830
102.74852758087217808 257.68684001546353102
100.01396578457206488 257.67164471000432968
99.98608449008315802 262.69154412858188152
103.00604438409209251 262.70835545379668474
103.01447960454970598 261.18906712438911200
103.37390850950032473 261.17148395162075758
104.37500636279582977 270.82687788642942905
104.08249295596033335 270.92169407941401005
100.75134330615401268 265.15198556892573833
99.73596719559282064 265.77806713804602623
99.54117011744529009 265.66929279454052448
99.54163278732448816 263.99548365082591772
97.95251545496284962 264.02950773295015097
97.94547784328460693 264.37829997763037682
96.77005012053996325 264.37829997763037682
96.77005012053996325 265.19800062384456396
96.99384537246078253 265.20480466540902853
97.06188428774476051 265.48664415068924427
94.56755160819739103 266.96698849555104971
95.39638695772737265 268.33508329093456268
85.83848382718861103 273.76217738352715969
87.97441202681511641 277.46173199266195297
85.16281592100858688 278.95666521508246660
85.70692729298025370 279.98000000044703484
11.37639992032200098 279.98000000044703484
11.37639992032200098 279.37000006809830666
9.75640006829053164 279.37000006809830666
9.75640006829053164 279.98000000044703484
1.46430293470621109 279.98000000044703484
1.89992076996713877 265.38325748499482870
13.15733268577605486 259.51415306888520718
16.54997943527996540 248.45850025676190853
4.29510404355823994 225.48659674357622862
4.49984438251703978 225.28740310296416283
10.36368040461093187 228.62558550667017698
56.21422287356108427 228.35678379796445370
55.44450094085186720 229.95121672004461288
55.57113400194793940 230.74581307452172041
56.34957955870777369 230.55000390019267797
57.57964302226901054 228.37977280374616385
62.67399125825613737 197.04932056833058596
62.92129786871373653 197.09018077049404383
63.20593445561826229 194.13491973839700222
62.70788323879241943 191.61409751418977976
61.94580485951155424 191.23023826815187931
61.62911612913012505 191.89946456532925367
61.59800869226455688 193.13982573617249727
8.76422180514782667 188.74390157964080572
8.73030958324670792 188.43231359217315912
15.76285490300506353 186.25818864814937115
19.31679034419357777 162.61947676818817854
3.55546008143573999 140.52717082761228085
0.00000000000000000 142.40679200273007154
0.00000000000000000 139.31753148138523102
2.41572675108909607 138.09704798646271229
2.32931831385940313 118.11912477668374777
15.72569583915174007 104.99580853339284658
15.94299094937741756 105.06421757396310568
16.30683084484189749 107.00094746798276901
18.15789758972823620 109.89014909788966179
20.97547624912112951 111.78662973549216986
24.30181550327688456 112.46814836747944355
27.79216970875859261 112.36676939204335213
28.64149848744273186 113.36057670228183270
30.08457469660788774 112.44315756391733885
33.13333310279995203 112.49298671446740627
36.44678492285311222 111.80725219380110502
36.04042650852352381 110.58814675081521273
33.13272637501358986 111.18974008038640022
29.77669735159724951 111.18974008038640022
29.70907976478338242 110.92315203696489334
27.76980395242571831 110.98179543670266867
27.71016150061041117 111.19040301907807589
24.38435484096407890 111.17790362052619457
21.54894945863634348 110.63641253765672445
19.10906389448791742 109.02621627319604158
17.49940818268805742 106.65205676574259996
16.90010007750242949 103.66458729747682810
16.90120100788772106 94.14637210406363010
15.68160008918493986 94.10137412510812283
15.68160008825361729 94.34424933791160583
0.00000000000000000 87.48286997899413109
0.00000000000000000 56.85167709644883871
13.88547155261039734 51.53092728089541197
16.80537040159106255 49.05164374783635139
16.91363214608281851 49.14440925139933825
16.97814604919403791 48.90490760467946529
24.67457278538495302 42.36993579100817442
24.85449849721044302 42.06568147614598274
25.13423094712197781 42.14220380876213312
25.13423996884375811 48.19019992277026176
21.94237975310534239 48.19019992277026176
18.71233400423079729 49.42792377900332212
16.44672057777643204 51.69353746809065342
15.03799990285187960 54.85277144331485033
15.03799990285187960 59.26490001380443573
16.25799998734146357 59.26490001380443573
16.25799998734146357 54.85707924049347639
17.31205575261265039 52.55357245728373528
19.58980689197778702 50.25085249729454517
21.94596082996577024 49.41009987145662308
26.35417767893522978 49.41009987145662308
26.40417778026312590 39.86019995063543320
30.28428229875862598 39.86019995063543320
30.33428213931620121 49.41020000725984573
37.94326514098793268 49.41020000725984573
40.78895813506096601 49.97621975559741259
43.20142554957419634 51.58816755656152964
45.47055995836853981 53.85724182147532701
46.33323227986693382 52.99459998961538076
44.06270458828657866 50.72413247916847467
41.25598186999559402 48.84878033120185137
37.94523505400866270 48.19019993674010038
31.53440060559660196 48.19010020233690739
31.55425070412456989 38.59020002558827400
27.13250825554132462 38.59020002558827400
27.02314904611557722 38.39847831334918737
29.88792859483510256 33.55413304362446070
20.05837954953312874 31.44756087753921747
20.42059701122343540 17.33747462555766106
17.97784357331693172 5.85955932270735502
21.84322290495038033 5.84676679689437151
21.82391297258436680 0.00000000000000000
79.40517009980976582 0.00000000000000000

[OBSTACLE]
53.60997001919895411 258.28673925250768661
53.55168591812252998 264.88781464193016291
50.79814576171338558 264.94807870499789715
50.79859572462737560 264.16719988361001015
49.97858990449458361 264.16719988361001015
49.97858990356326103 264.96721919439733028
46.34705174528062344 264.97421824838966131
46.32055277749896049 265.44000000134110451
44.71999992150813341 265.44000000134110451
44.71999992150813341 268.65999996662139893
46.32006097957491875 268.65999996662139893
46.32317878492176533 269.16999999806284904
42.72000998351722956 269.16999999806284904
42.72000000718981028 272.18999041989445686
46.34167089592665434 272.19349027704447508
46.34656092058867216 272.99420010298490524
46.87134172301739454 272.99420010298490524
46.95402095094323158 279.23315394110977650
47.57401450537145138 279.23604904115200043
47.29186219442635775 272.99420010298490524
54.36649638414382935 272.99420010298490524
54.36948343645781279 264.91604554373770952
53.97052293457090855 264.89786289632320404
54.23010144755244255 258.30161637999117374

[OBSTACLE]
14.72068510763347149 275.43955862056463957
14.57345875911414623 277.65461473632603884
21.17885449249297380 278.09374138619750738
21.32612136378884315 275.87868528719991446

[OBSTACLE]
21.68746422324329615 267.06608850695192814
18.52386424597352743 267.66430419404059649
16.62000008393079042 267.71999992802739143
16.62000008393079042 269.34000004082918167
18.23999993596225977 269.34000004082918167
18.23999993596225977 268.06068951543420553
18.58741652499884367 268.03078987728804350
18.79255628492683172 269.21376538183540106
21.96493496280163527 268.66233966406434774

[OBSTACLE]
25.07874027453362942 230.04363043140619993
24.45866929180920124 230.04858092311769724
24.46924032270908356 230.66846779081970453
24.61193774640560150 230.66734168212860823
24.52038683742284775 233.66764247231185436
24.72182009741663933 243.26747035607695580
24.74625144526362419 266.06760867312550545
25.36447511892765760 266.03102117404341698
25.30752038396894932 258.85775429196655750
27.18913246039301157 258.84407709166407585
27.16913826763629913 256.09469666890799999
33.84000001754611731 256.17010371852666140
33.83996998704969883 241.84998996369540691
31.49001009855419397 241.84999987203627825
31.49001009855419397 240.41000012680888176
29.74751072749495506 240.41000012680888176
29.76006893254816532 238.58000009693205357
26.14000007975846529 238.57998987007886171
26.14000007975846529 241.85001008585095406
25.81996922474354506 241.85001008585095406
25.82103962544351816 256.33395894616842270
25.28751259390264750 256.33783708605915308
25.11142272129654884 234.15987998247146606
27.02175157051533461 234.15987998247146606
27.01811490301042795 232.47622996568679810
28.78036994580179453 232.47622996568679810
28.78036994580179453 230.62493463139981031
37.17769178841263056 230.61108651943504810
37.16654736734926701 236.76619306113570929
37.01767075248062611 236.77170887310057878
37.05704806465655565 237.34859348088502884
37.67591062840074301 237.35971422027796507
37.69983302243053913 236.74641741719096899
37.58703967090696096 236.75059566367417574
37.69829132687300444 230.60884738899767399
44.44646581076085567 230.57954339683055878
47.60755023080855608 231.07939108647406101
50.55876627191901207 232.30707386881113052
52.68095608521252871 234.57862342894077301
54.23293072823435068 237.31336525734513998
54.90995125658810139 240.31846849620342255
54.91355757787823677 243.28041312471032143
54.73324871156364679 243.27814254164695740
54.69045742694288492 243.85029597207903862
55.29908792208880186 243.90015777386724949
55.32018636725842953 240.22834523022174835
54.59809533413499594 237.05467679351568222
52.96189487259835005 234.22275949735194445
50.72954276204109192 231.87512739095836878
47.65718012582510710 230.64518945571035147
44.50469972472637892 230.19633014779537916
25.07991049904376268 230.19101653061807156

[OBSTACLE]
40.36330160684883595 246.66132069379091263
39.75759168248623610 247.06815280299633741
39.78175726812332869 254.07552331220358610
40.05199262034147978 254.69808033015578985
46.89535127114504576 254.35882273036986589
47.30152686871588230 254.15398040972650051
47.49446147773414850 251.94730919227004051
47.47859031241387129 247.34411557298153639
47.17260709218680859 246.83810542896389961

[OBSTACLE]
77.96176593005657196 234.30742065515369177
77.69193066563457251 240.92192406579852104
79.91008398402482271 241.01240929588675499
80.17991924658417702 234.39791588392108679

[OBSTACLE]
175.10227906890213490 212.27850607130676508
174.86353613995015621 215.48964112438261509
175.98045108094811440 215.57268386334180832
176.21919400803744793 212.36154907476156950

[OBSTACLE]
161.87741008121520281 211.93397000804543495
161.87741008121520281 213.90088610816746950
161.59022494778037071 213.90372724924236536
161.56987227499485016 215.50800010561943054
163.19000005815178156 215.50800010561943054
163.19000005815178156 215.35668995231389999
165.07122010085731745 215.35668995231389999
165.07122010085731745 213.58923958241939545
165.33999998215585947 213.59002940170466900
165.33999998215585947 211.97019372135400772

[OBSTACLE]
157.25154949724674225 214.15079928655177355
157.16850599460303783 215.26772119570523500
160.38008843455463648 215.50648715067654848
160.41403559874743223 214.38805350009351969

[OBSTACLE]
169.13953907229006290 211.42731601838022470
168.90079614333808422 214.63845107145607471
170.10340747702866793 214.72786534577608109
170.07353656180202961 215.12963446322828531
172.39038032479584217 215.30363246519118547
172.62912325188517570 212.09249740466475487
170.22658722382038832 211.91207261383533478
170.25645401142537594 211.51035902183502913

[OBSTACLE]
131.43562000710517168 206.22640002891421318
131.43562000617384911 207.84662626218050718
133.05474448949098587 207.80880939029157162
133.05562568921595812 206.22640002891421318

[OBSTACLE]
140.88748752512037754 202.14019530359655619
140.60020292550325394 202.63251717388629913
140.73003718256950378 202.70827929116785526
140.63754178304225206 202.99842277169227600
140.11067613027989864 202.95141144562512636
140.01026309374719858 204.06690108869224787
140.94223748985677958 204.15005950164049864
140.68353645596653223 207.62963465321809053
143.00056459289044142 207.80269247200340033
143.31792690977454185 203.23758897371590137
141.02620127890259027 203.03310219570994377
141.38013309706002474 202.42825680505484343

[OBSTACLE]
141.49074143171310425 201.81937241367995739
141.47937243245542049 202.38925846107304096
142.04925848171114922 202.40062746033072472
142.06062748096883297 201.83074141293764114

[OBSTACLE]
140.53053331281989813 197.61319179553538561
140.36967499088495970 200.07893769629299641
143.57694049086421728 200.36511653754860163
143.73844822961837053 197.89196334220468998

[OBSTACLE]
103.85843554418534040 195.04998061526566744
103.22904933523386717 195.10344152152538300
103.28355181962251663 195.67094009183347225
103.84989397134631872 195.61654867045581341

[OBSTACLE]
228.03046348411589861 192.57492916006594896
224.92447346262633801 193.42267396859824657
225.19465559348464012 194.47900008782744408
223.60479996073991060 194.47900008782744408
223.60479996073991060 195.59899834450334311
226.82550645992159843 195.59952157083898783
226.82479356601834297 194.47900008782744408
226.45356148481369019 194.47900008782744408
226.41160729527473450 194.14658209681510925
228.30877087544649839 193.65995191223919392

[OBSTACLE]
216.20358237437903881 175.16682771686464548
214.99869189038872719 176.16472366079688072
214.41877720691263676 176.12710898742079735
214.38736773282289505 176.67101613059639931
209.22564172837883234 180.94597235694527626
208.35128858592361212 188.91217919532209635
212.20263789594173431 189.33495234139263630
211.57796231564134359 194.26469355728477240
218.93910361360758543 195.19744768738746643
219.57936404831707478 190.14471574313938618
222.68875806033611298 190.48604242689907551
222.64362468756735325 190.29322982486337423
226.42086244653910398 190.67026443034410477
226.78981652855873108 186.95409300085157156
223.01921489462256432 186.49196735396981239
224.26942990440875292 176.05212152097374201

[OBSTACLE]
41.55591037403792143 177.05484454240649939
40.44826756417751312 184.17460700403898954
43.98267957475036383 184.72678995877504349
43.91029985994100571 185.11321796663105488
51.79321795050054789 186.58969997335225344
53.26969995163381100 178.70678191166371107
45.38678188435733318 177.23029990959912539
44.40282767079770565 182.48363543301820755
41.34617252461612225 181.88407197222113609
42.16845013946294785 177.15186094865202904

[OBSTACLE]
82.84553336817771196 177.09830889105796814
79.27923326380550861 177.60439608152955770
79.02881249319761992 177.41572680510580540
76.48534816596657038 183.52466597221791744
76.15056778304278851 184.04004818387329578
76.68759513180702925 184.27942831441760063
76.99097422882914543 183.76138576399534941
76.86697597801685333 183.70068658422678709
79.45258598215878010 177.99666682351380587
82.29000489879399538 177.68445164617151022
82.30522532109171152 177.80082892626523972
82.64979672897607088 177.75201076176017523
90.59397274535149336 182.55166321247816086
90.52792058326303959 182.67287751473486423
91.05302768293768167 182.94597465172410011
91.37403680570423603 182.41617339476943016
82.77308056037873030 177.32172360830008984

[OBSTACLE]
162.59338563121855259 170.72898744232952595
162.47668560128659010 172.30526467226445675
158.82476012781262398 171.98576655611395836
158.71304784156382084 173.26263220794498920
158.44228207133710384 173.32369417790323496
158.32148067932575941 173.11793351173400879
157.82993340585380793 173.40651925653219223
158.11851915065199137 173.89806653093546629
158.46890201326459646 173.69235793408006430
158.66462969034910202 173.81605114042758942
158.12576658092439175 179.97525047138333321
169.28124307934194803 180.95122391637414694
169.14123114850372076 181.47493121586740017
172.67495403904467821 181.78181255422532558
173.50846325140446424 176.34988941904157400
169.72067125141620636 176.17988781351596117
170.00205341912806034 172.96364960353821516
164.98688397370278835 172.52487838268280029
165.10648374725133181 170.91545750759541988

[OBSTACLE]
110.90695235412567854 169.29989439528435469
110.54640700202435255 170.37129021622240543
109.78620832879096270 170.07271155621856451
107.39015223179012537 177.76846859231591225
107.84786359872668982 177.90975475404411554
107.74043193459510803 178.27036494016647339
104.25650344882160425 177.26972459536045790
101.12675905507057905 175.92047318350523710
100.93093751464039087 176.40257539413869381
104.32825471553951502 177.72615336999297142
110.72937979269772768 179.56939856614917517
120.47928093094378710 180.84005754347890615
127.29076660424470901 181.28689246997237206
127.33603648096323013 180.73479884956032038
120.53538698144257069 180.45353138539940119
118.37753493525087833 174.12960004433989525
117.71957475412636995 170.81586373969912529
117.23681894596666098 170.87131908442825079

[OBSTACLE]
62.37185173016041517 173.31781387142837048
62.18439449090510607 173.90879823733121157
68.27258465718477964 175.84008466638624668
68.47397437132894993 175.25388495717197657

[OBSTACLE]
53.28237227629870176 175.02874865941703320
52.91233689989894629 175.43216628581285477
53.32669727411121130 175.82209968660026789
53.75039377994835377 175.44438583310693502

[OBSTACLE]
33.70258668065071106 150.44389082677662373
31.71781887952238321 161.48694942239671946
32.09517714846879244 161.55477200448513031
29.79181551095098257 173.99724303558468819
29.54209749866276979 174.56990907154977322
30.17365504708141088 174.70966086257249117
30.20611819997429848 174.59531445708125830
33.53225565142929554 175.31350831594318151
33.64524744171649218 174.70391122624278069
33.05117338430136442 174.57390580605715513
33.02586615551263094 174.69706520345062017
30.29519699513912201 174.28152997139841318
30.33826018869876862 174.12982086651027203
30.19858404621481895 174.09340877365320921
30.33478006813675165 173.40339952800422907
30.67509100865572691 173.43366654496639967
30.68252305313944817 173.85913695208728313
32.27441009227186441 173.85963312070816755
32.27441009227186441 172.06607433035969734
32.44154699798673391 172.10784645657986403
32.83420602325350046 170.53660308755934238
30.99153532367199659 170.07608353532850742
32.03012325521558523 164.81429049279540777
35.57552108820527792 165.43943998869508505
35.93208540137857199 163.54262199439108372
37.49851956032216549 163.86768736410886049
37.76694321446120739 162.57415144890546799
39.61134335212409496 162.90564430970698595
40.09055393282324076 160.23937221895903349
41.46312263887375593 160.44515489879995584
41.86306700669229031 157.95723671279847622
40.53650292195379734 157.75811851304024458
41.59611117001622915 151.86258570197969675
40.19000008795410395 151.60986683238297701
40.19000008795410395 150.84059134684503078
39.67167526483535767 150.80898287240415812
39.68324585352092981 151.51878841593861580
39.30456174723803997 151.45072793401777744
39.34388944506645203 151.13987622037529945
39.12018977478146553 150.61597746331244707
38.59618188720196486 150.83972157072275877
38.71907438617199659 151.14653982874006033
38.57763803657144308 151.32007869239896536

[OBSTACLE]
158.37865503970533609 171.69858836475759745
157.87060432042926550 171.81473375298082829
158.03403098415583372 172.30745478533208370
158.47111411672085524 172.14342235401272774

[OBSTACLE]
88.85826072376221418 144.76704041287302971
85.28920603450387716 157.29907327424734831
85.17960764560848475 157.28797415364533663
84.88453382067382336 160.71561162080615759
84.73427923209965229 160.74487485922873020
85.53850952535867691 164.09582572244107723
85.39157014060765505 164.17706568352878094
87.19395663496106863 167.11154722981154919
87.08488352596759796 167.22692580334842205
92.31458066590130329 172.05741102062165737
92.66739271674305201 171.67543905135244131
87.46366629935801029 166.84286958910524845
86.05230491142719984 164.38522380683571100
85.29803460463881493 161.14838876761496067
85.67528254725039005 157.34909998811781406
89.23140059318393469 144.87761422060430050

[OBSTACLE]
46.40003890451043844 162.61669574491679668
45.95189204718917608 162.85662194807082415
44.92102839704602957 169.58814675360918045
45.27692425716668367 169.95127588324248791
49.94435788504779339 170.56473304145038128
51.81347993481904268 169.63238152768462896
52.92926326207816601 164.33135777339339256
52.43759019207209349 163.54128348268568516

[OBSTACLE]
31.80000007618218660 167.96999909356236458
31.80000007525086403 169.58976235892623663
33.47747297119349241 169.63010905031114817
33.41966795921325684 167.96999909356236458

[OBSTACLE]
158.87538808491080999 159.04576707351952791
155.49190413672477007 159.49585652351379395
152.53986911941319704 160.73859165608882904
149.66700329445302486 162.51810532528907061
147.69310209527611732 165.26252532657235861
146.88031303696334362 168.71195033472031355
148.15814096760004759 168.67954621929675341
148.85706590488553047 165.83141138311475515
150.52472257427871227 163.48907026741653681
152.89391132351011038 162.00572350714355707
155.97177128121256828 160.76219962444156408
158.79470718372613192 160.33866632357239723

[OBSTACLE]
65.33059171121567488 164.67910439427942038
65.14312437921762466 165.27008317783474922
71.23974803462624550 167.20407468918710947
71.42722561396658421 166.61309992615133524

[OBSTACLE]
89.85778507124632597 154.07736310176551342
89.73952619079500437 165.39674498047679663
98.05907487962394953 165.48366500902920961
98.17733402177691460 154.16428313031792641

[OBSTACLE]
93.99762422963976860 146.09627773799002171
93.83965793717652559 146.46235240623354912
97.03180915024131536 147.64987156912684441
111.87147968728095293 154.06901503168046474
117.58753856923431158 157.59002837445586920
116.98830671142786741 161.02045162301510572
117.50332444161176682 161.09418525453656912
118.07413088344037533 157.18426200468093157
117.78769688960164785 157.14064739271998405
119.72128040716052055 154.19544971920549870
116.36078479886054993 151.98921446502208710
114.53872029669582844 154.76454929448664188
115.01365543529391289 155.07635413855314255
114.81295467168092728 155.39232370629906654
112.21353104431182146 153.79559264425188303
97.41565903462469578 147.37995612807571888

[OBSTACLE]
223.12988300714641809 152.46780370734632015
222.98625606577843428 153.56480043288320303
222.19802884198725224 154.29006407968699932
224.54121476318687201 156.49965702928602695
225.30972149129956961 155.68470771145075560
223.36484324093908072 153.89567588362842798
223.48259889986366034 153.64356783032417297
226.17721721436828375 153.99655527621507645
226.32261351030319929 152.88604144006967545

[OBSTACLE]
146.16202491894364357 142.77555107232183218
145.31292689498513937 152.58763555437326431
145.73683556448668242 152.65631480794399977
146.55014099739491940 142.81163940019905567

[OBSTACLE]
42.16832445189356804 151.94057633448392153
42.15783627983182669 152.58600000292062759
42.72799991164356470 152.58600000292062759
42.72799991164356470 152.01727690827101469

[OBSTACLE]
220.62803088314831257 149.24985218606889248
220.06864210125058889 150.22016312088817358
222.85826898086816072 151.82834172900766134
223.41765800677239895 150.85802684910595417

[OBSTACLE]
175.81885812617838383 138.10339802503585815
170.27348927780985832 139.64231606293469667
165.73915814049541950 143.18622114509344101
163.89607127103954554 146.45772460754960775
163.44523186795413494 150.18552873469889164
163.67864028085023165 151.01225143950432539
164.17658889852464199 150.86633857246488333
164.31506503187119961 147.35797713603824377
164.90210873819887638 145.87548447679728270
165.86790442932397127 144.08981023076921701
166.89301324915140867 143.03709957934916019
170.04660020209848881 140.52640813402831554
171.39652264211326838 139.94615075550973415
175.16849119495600462 138.91188508924096823
176.75584076158702374 138.76346956845372915
176.82295934297144413 138.22964557446539402

[OBSTACLE]
223.81000350322574377 147.30866097100079060
223.32600871846079826 148.31859555374830961
226.21374410018324852 149.74262986797839403
226.71384332794696093 148.70008498430252075

[OBSTACLE]
68.64548342209309340 142.00142654031515121
68.09780511818826199 142.03334888629615307
68.13217097055166960 142.62297669611871243
68.69994010683149099 142.56844822689890862

[OBSTACLE]
29.88603657856583595 123.82613584864884615
26.35187801904976368 124.37921142019331455
26.18603985290974379 124.26425043586641550
22.38143938872963190 130.20940427575260401
22.53251612372696400 130.30579043459147215
22.49144505616277456 136.98756175581365824
22.77245991863310337 136.97255211696028709
27.33434986416250467 141.78615083545446396
27.71685083117336035 141.41521724686026573
27.42654839437454939 141.05391618236899376
27.32733962405472994 141.13060682639479637
23.06319400388747454 136.90012132842093706
23.02671867422759533 136.46938670985400677
22.91568567696958780 136.46942627336829901
22.99506345950067043 130.11692164279520512
26.37595709320157766 124.85244525689631701
29.96285101026296616 124.33475959300994873

[OBSTACLE]
56.24898879695683718 137.68018519598990679
56.30043221265077591 137.83230850566178560
53.91181888431310654 140.63016109541058540
54.31162179075181484 140.96179290767759085
54.65909077413380146 140.60000367183238268
54.57517133839428425 140.52454567980021238
56.53711111098527908 138.17942054197192192
63.03833984676748514 139.08648495096713305
69.15823540184646845 141.34474816266447306
69.29377159755676985 140.97918665781617165
62.77156106662005186 138.51593144703656435
62.72131571266800165 138.65369555912911892

[OBSTACLE]
120.48652376607060432 132.58875854499638081
118.39783870056271553 132.59669827204197645
114.97344599571079016 136.86914911773055792
115.14048672094941139 137.78141762129962444
120.14299975801259279 141.28420869261026382
120.64853313658386469 141.31357823964208364
124.55751766264438629 135.68945928290486336
124.39930625446140766 135.20627766009420156

[OBSTACLE]
54.19622225314378738 138.58459397964179516
53.73367719631642103 138.82933825254440308
53.97982439957559109 139.28737532161176205
54.43940576724708080 139.04423276055604219

[OBSTACLE]
55.30305688083171844 137.44195824861526489
54.90295818261802197 137.84793305676430464
55.30894316453486681 138.24804166238754988
55.70904186274856329 137.84206685423851013

[OBSTACLE]
156.19442592933773994 133.99910717830061913
155.91905834712088108 137.55391251388937235
156.45466526225209236 137.54934811312705278
156.58305564709007740 134.02607370261102915

[OBSTACLE]
198.51328829955309629 129.25261079985648394
192.19324594642966986 130.27304162271320820
189.02914399094879627 131.39206473622471094
186.29798034578561783 133.13662219326943159
186.93845116160809994 134.17476094141602516
189.62414859980344772 132.53102389164268970
192.38960441201925278 131.47713903617113829
198.70580165274441242 130.45732908416539431
201.60633300244808197 130.56257783249020576
207.84273553080856800 132.04003586992621422
208.12397587765008211 130.85289459116756916
201.88565689697861671 129.37498220708221197

[OBSTACLE]
166.01353229209780693 120.37457799818366766
165.39601402822881937 120.76322740968316793
165.21201755385845900 127.76867342274636030
165.51649611908942461 128.37561495043337345
167.70550318714231253 128.44186600018292665
172.31347708869725466 128.26268051471561193
172.74383926670998335 128.12711070664227009
172.98454595636576414 125.86998252198100090
173.10540939588099718 121.26840365305542946
172.81458717305213213 120.75351981446146965

[OBSTACLE]
93.90154455788433552 117.11147219315171242
93.18109213281422853 127.57548159919679165
93.57529873028397560 127.64250587113201618
93.66089062020182610 127.11779731698334217
93.55537439044564962 127.10836423840373755
94.33711308706551790 117.65105863008648157
94.48648351617157459 117.18028298951685429

[OBSTACLE]
156.47478516120463610 117.62867678515613079
156.41939504072070122 127.63593686278909445
156.80920433253049850 127.63995302747935057
156.86461552884429693 117.62919327057898045

[OBSTACLE]
146.44602612778544426 123.01325351372361183
146.38084757793694735 126.73766878712922335
146.77043083216995001 126.74662504065781832
146.89235723111778498 123.02031206432729959

[OBSTACLE]
140.21999994572252035 124.41935938410460949
139.55219677835702896 124.66219685133546591
139.30931027978658676 125.33013485465198755
139.56879311986267567 125.99129050131887197
140.22023355681449175 126.24079787917435169
140.87087376601994038 125.95875412784516811
141.13072495162487030 125.33023204281926155
140.88780311215668917 124.66219685133546591

[OBSTACLE]
197.53424071241170168 117.94683476164937019
196.17719463258981705 119.44309930969029665
200.19192911684513092 123.08429523464292288
201.33975845202803612 121.81871083844453096
201.61173545569181442 121.99845275562256575
201.02678510267287493 123.26949357707053423
205.95040356926620007 125.53541477490216494
206.79489490110427141 123.70040638372302055
201.87127645593136549 121.43449514452368021
201.72651370149105787 121.74905067123472691

[OBSTACLE]
56.63243121188133955 124.49865251220762730
46.33368855528533459 124.55190176330506802
46.33637223206460476 125.07198184076696634
56.12254798132926226 124.94303654506802559
56.57562729623168707 125.05876297038048506

[OBSTACLE]
188.95484184380620718 120.30052983388304710
185.10127262398600578 124.21775133255869150
189.53744226228445768 124.39997132867574692

[OBSTACLE]
103.19000000320374966 118.74945907667279243
102.28209431096911430 119.05209439527243376
101.97945899236947298 119.96000008750706911
102.28209431096911430 120.86790578160434961
103.19000000413507223 121.17054083663970232
104.09776991140097380 120.86795104388147593
104.42117541749030352 119.96741761080920696
104.09780038055032492 119.05205928999930620

[OBSTACLE]
112.64999987557530403 118.94935925025492907
111.98239755630493164 119.19212404079735279
111.71513403393328190 119.85336289554834366
111.98235865216702223 120.52786184474825859
112.64982108585536480 120.77057550568133593
113.32520813588052988 120.55052918940782547
113.56060141045600176 119.85989236738532782
113.31780409440398216 119.19219698011875153

[OBSTACLE]
77.18407558929175138 108.99988447967916727
76.79440433811396360 109.00715602468699217
76.86160936765372753 119.06971409916877747
77.47565510682761669 119.04403177462518215
77.33006735146045685 118.56384271476417780

[OBSTACLE]
140.55922339949756861 116.00978822633624077
139.65079775173217058 116.31056956294924021
139.31645930279046297 117.23000003211200237
139.65073692798614502 118.14926323760300875
140.56999987084418535 118.48354060016572475
141.48926307726651430 118.14926323760300875
141.82354070246219635 117.23000003211200237
141.48918753117322922 116.31052907835692167

[OBSTACLE]
127.26482683140784502 112.13846926484256983
126.78388376906514168 114.01821052283048630
127.68155618198215961 114.57999567501246929
128.12734821438789368 114.37745467666536570
128.31308903172612190 114.55443234089761972
127.81039969623088837 115.81980539858341217
128.99817400705069304 116.83481642138212919
130.54796288441866636 115.66762193944305182
130.19803773052990437 114.66820609103888273
128.87246809154748917 114.31588010489940643
128.85017950739711523 114.04904375784099102
129.31108573544770479 113.83963578287512064
128.82527520414441824 112.21359221637248993

[OBSTACLE]
147.68409513868391514 112.37120675109326839
146.10323635395616293 113.04952382203191519
146.23966897372156382 114.60601833555847406
148.16328119393438101 114.85894737020134926
148.61380455922335386 113.90058429725468159

[OBSTACLE]
97.20339476130902767 111.90760731697082520
97.20683134440332651 112.29635490011423826
104.03668007254600525 112.83037476893514395
109.93105760402977467 114.29935363307595253
113.47410513274371624 114.20235422533005476
117.00138630438596010 114.31302594766020775
117.00559263397008181 113.81993593927472830
109.92584952060133219 113.81579072307795286
103.74339063093066216 112.36628059670329094

[OBSTACLE]
57.14998990762978792 100.54001003876328468
57.14998990762978792 101.75999995321035385
61.55001224298030138 101.75999995321035385
61.55521740857511759 106.05415497440844774
60.49595810286700726 108.45133980736136436
58.23525534104555845 110.71207253169268370
55.82279814034700394 112.32402029726654291
52.97717307321727276 112.89005053136497736
47.83801419381052256 112.84014579560607672
47.78801732882857323 107.69046202208846807
46.57016318291425705 107.63998720049858093
46.56810677703469992 114.11004998348653316
52.97909480053931475 114.11007009726017714
56.28981176670640707 113.45151968579739332
59.09652464650571346 111.57613746915012598
61.36130372527986765 109.31135838944464922
62.77710262965410948 106.05501367989927530
62.76998705882579088 100.54001003876328468

[OBSTACLE]
183.01480245031416416 110.74253131914883852
182.38679870124906301 111.05425020214170218
182.63524440024048090 112.25860761757940054
183.96298296935856342 112.52401215396821499
185.04836267512291670 111.73871589917689562
184.51918736379593611 110.74816229846328497

[OBSTACLE]
204.99493333511054516 107.20314538851380348
203.77909529767930508 108.81625678297132254
208.10733677353709936 112.07857470773160458
209.32318479660898447 110.46546334307640791

[OBSTACLE]
21.48088887892663479 97.29701671935617924
20.06699987221509218 100.46787146665155888
20.06699987221509218 103.67189860902726650
21.36923033744096756 106.97758585773408413
24.56408467702567577 108.32056470401585102
27.67092978581786156 108.31344556901603937
30.98669674526900053 107.00723427906632423
30.13101791962981224 106.13132742419838905
27.66722577717155218 107.09341536648571491
24.49743588175624609 107.03505935426801443
22.22677194420248270 106.01751922070980072
21.28699004650115967 103.66807410214096308
21.28699004743248224 100.63981358706951141
22.34447960834950209 98.16060744877904654

[OBSTACLE]
164.72275574412196875 103.61044373083859682
163.74236264545470476 104.12171323224902153
163.81462483573704958 104.88786617480218410
163.56379854120314121 104.99839536938816309
163.26034265384078026 104.66342798806726933
161.57500542886555195 105.62373547628521919
161.73488055728375912 106.66888127382844687
163.45942522492259741 107.31682388298213482
164.30077050346881151 105.83650229312479496
164.47124611120671034 105.93669386953115463
165.71102430205792189 105.18604375608265400
165.73541452549397945 104.24985878448933363

[OBSTACLE]
199.22927539050579071 103.32713547814637423
195.32816066220402718 103.37021179217845201
195.33117680903524160 103.53804874140769243
192.47573835868388414 104.21176253166049719
189.12257819995284081 104.18992614094167948
189.11403035745024681 104.57977732643485069
192.10122026409953833 104.60700710490345955
192.14087891019880772 104.78463422972708941
195.76917600817978382 103.80275899171829224
199.25903809908777475 103.82636203989386559

[OBSTACLE]
129.29673200659453869 94.86203939281404018
128.62892883177846670 95.10487686283886433
128.38609242066740990 95.77268002647906542
128.62892880477011204 96.44048311561346054
129.29673200752586126 96.68333062250167131
129.96453521773219109 96.44048311375081539
130.20737054385244846 95.77268002554774284
129.96453519072383642 95.10487686563283205

[OBSTACLE]
193.56735617853701115 82.47900895308703184
189.87527906894683838 89.59862372744828463
196.99488366115838289 93.29070084448903799
200.68697096593677998 86.17108633182942867

[OBSTACLE]
102.34159261826425791 69.64638651721179485
102.84355223737657070 82.44040123280137777
102.64581568166613579 82.49190839100629091
102.71885281987488270 82.68921439629048109
93.20468773040920496 82.73872603755444288
93.97019157838076353 92.96449448913335800
94.48844661097973585 92.92071264330297709
94.44466252904385328 92.40255340468138456
94.33995792642235756 92.41140297241508961
93.56046498566865921 83.12691161129623652
103.30647224187850952 83.12846182193607092
103.16203753277659416 82.36927689518779516
102.72562623862177134 69.68843186646699905

[OBSTACLE]
185.45050019305199385 86.74595276452600956
183.49101052433252335 86.95583907887339592
185.62541510537266731 90.32611434161663055
187.58419910911470652 90.99549085553735495
187.84785423986613750 90.50690598133951426
189.10371826868504286 90.03509039338678122
189.42242301534861326 89.33337692450731993
188.49856825824826956 88.25713145360350609
187.55818164907395840 88.81974864285439253

[OBSTACLE]
157.46112184878438711 84.93322890810668468
156.42837598174810410 85.81870774552226067
156.31267054937779903 86.71228909958153963
154.00791000761091709 87.56105400715023279
154.10091714002192020 89.62005019560456276
155.94231105875223875 88.87804730422794819
157.11906015500426292 90.65957676339894533
159.22835826128721237 90.14716794528067112

[OBSTACLE]
58.73472350277006626 61.12413212377578020
58.15998962614685297 62.27361021190881729
60.59011908806860447 63.86902783997356892
62.21861093770712614 66.26397616136819124
62.81799776852130890 69.16101281251758337
62.81106786895543337 72.36096959561109543
64.04258992988616228 78.51740043144673109
64.04258992988616228 86.10641006752848625
58.44259005505591631 86.10641006752848625
58.44259005505591631 87.32642007526010275
65.26258010510355234 87.32640987634658813
65.26258010510355234 78.51542514190077782
64.03800007048994303 72.35901519656181335
64.03800007048994303 69.15909818001091480
63.43747309874743223 65.85620088316500187
61.56981962267309427 63.02378369215875864

[OBSTACLE]
141.45904297567903996 75.82403031736612320
141.26963509991765022 85.62597887869924307
141.14196396432816982 86.10635163169354200
141.72498925123363733 86.14857431035488844
141.93931792583316565 75.82840258348733187

[OBSTACLE]
161.41220345348119736 76.42716161627322435
160.94978161901235580 76.58010950963944197
161.84960479289293289 80.35073545202612877
163.92156779672950506 83.21138689201325178
164.02533602807670832 83.14103637821972370
166.82181095145642757 85.18325207475572824
167.12872695550322533 84.71455113124102354
163.97820982336997986 82.55280129984021187
162.16185204777866602 79.75769464951008558

[OBSTACLE]
110.70374919753521681 82.68110476993024349
110.70119692850857973 83.18460671231150627
119.72929555457085371 83.29600667394697666
136.87842452526092529 84.23455177247524261
136.90653561986982822 83.71531094145029783
119.73597033135592937 82.77604293730109930

[OBSTACLE]
72.19400682579725981 73.61251540947705507
71.81747052818536758 73.69150663446635008
71.92703184951096773 77.03665934503078461
72.81022549420595169 83.63217648584395647
73.19659730885177851 83.58053090050816536
72.30776660982519388 76.77662097942084074

[OBSTACLE]
155.12892788276076317 78.50348447449505329
153.49963541515171528 79.55736956000328064
153.88281509280204773 80.79439423419535160
153.14418572839349508 80.82055415026843548
152.71808132994920015 82.32378557045012712
154.42135689407587051 83.25272797979414463
155.18690171651542187 82.52103850431740284
154.90381432138383389 80.94428697973489761
155.47671119216829538 81.14171804860234261
156.24137459881603718 79.60065204277634621

[OBSTACLE]
195.10048115067183971 64.67154646199196577
191.63972144760191441 67.49768078140914440
190.43786805495619774 75.41469391435384750
192.94191754329949617 79.13131011649966240
201.26410397328436375 80.37366675306111574
203.42268684785813093 65.91389604844152927

[OBSTACLE]
59.06069029867649078 68.00403018202632666
57.84371087700128555 68.08990868180990219
58.37931550946086645 75.68004149850457907
58.01372873689979315 78.56862617563456297
59.17125149816274643 78.95511107239872217
59.59590517915785313 75.68766987044364214

[OBSTACLE]
71.96411425713449717 67.21862576249986887
71.57453726697713137 67.23268713708966970
71.69741581752896309 70.65042440500110388
72.08700276073068380 70.63635260332375765

[OBSTACLE]
121.77410277072340250 62.63958031311631203
116.76782599650323391 63.10015764459967613
115.35999991372227669 63.60295291710644960
115.35999991372227669 68.11197835486382246
116.06325281783938408 69.81987777631729841
121.52446465380489826 69.92008369974792004
122.58020681422203779 68.71352089289575815
122.27979429718106985 63.20595495030283928

[OBSTACLE]
169.18526095524430275 60.10432485677301884
168.82785664964467287 60.46603102795779705
168.11724892817437649 67.14033707324415445
169.21789716742932796 68.00161674432456493
175.18363433890044689 68.71640867926180363
176.00513649359345436 67.91368357930332422
176.68849076610058546 61.43900864664465189
176.42700904980301857 61.09466356877237558

[OBSTACLE]
70.82559120189398527 66.04054263699799776
70.78172486647963524 66.65870099142193794
77.20970413647592068 66.91501849051564932
77.23749036621302366 66.29563754890114069

[OBSTACLE]
102.05958476103842258 62.99030452780425549
102.23368874564766884 66.72398627549409866
102.61416859831660986 66.65813109092414379
102.59753743093460798 63.03058751672506332

[OBSTACLE]
144.70799391809850931 55.48906456120312214
143.38786151167005301 65.71958572417497635
143.90346725191920996 65.78571088798344135
145.21532712318003178 55.55129855033010244

[OBSTACLE]
166.15580733492970467 52.42721792776137590
163.80644996743649244 58.65231072623282671
163.69023629184812307 58.63028210029006004
163.07173870597034693 62.21048872731626034
163.45410596020519733 62.28477155044674873
164.18650532606989145 58.73553600534796715
166.37813529465347528 53.07799492496997118
166.66349311266094446 52.66158421244472265

[OBSTACLE]
131.78526341076940298 58.73689538240432739
131.53938547335565090 59.83263547532260418
131.65126124676316977 59.92979874182492495
131.52822056040167809 60.19019611086696386
131.14811014570295811 60.12584755755960941
130.78855497296899557 61.77647243440151215
131.86696476023644209 62.10983205214142799
132.57467046286910772 61.81036285497248173
132.56137306429445744 60.71237052325159311
133.35464375745505095 60.99384367372840643
133.87946895416826010 59.87785545177757740
133.12024437822401524 58.85061978269368410

[OBSTACLE]
71.05237111169844866 60.89281166438013315
71.00915594305843115 61.51105095446109772
77.44069325551390648 61.76784093584865332
77.46541082020848989 61.14832599647343159

[OBSTACLE]
154.62518554273992777 55.07186689879745245
153.46726139727979898 56.39175075944513083
153.38225937727838755 56.70649224612861872
152.36876159999519587 56.08476801961660385
150.74595048185437918 56.83959437720477581
151.24528104998171329 58.48582786601036787
152.89131155330687761 58.52435081452131271
152.23949037399142981 60.93788369372487068
154.11854909826070070 60.64821825176477432
155.55870114266872406 55.62473152019083500

[OBSTACLE]
34.35000002849847078 52.39000007882714272
34.35000002849847078 53.60999990254640579
37.39018645230680704 53.60999990254640579
39.86146842222660780 54.66406528931111097
42.15866737812757492 56.90294903703033924
42.99251512438058853 56.06980285607278347
40.72139242198318243 53.79872046131640673
37.56212849449366331 52.39000007882714272

[OBSTACLE]
24.75811134465038776 52.39000007882714272
21.45243427623063326 53.69224047288298607
20.10440891236066818 56.89909987151622772
21.32793782092630863 56.89909987151622772
22.41245050448924303 54.54980617761611938
24.76193588599562645 53.60999990254640579
27.97001000586897135 53.60999990254640579
27.97001000586897135 52.39000007882714272

[OBSTACLE]
193.93743419460952282 53.35537034925073385
190.19754135608673096 53.50621737632900476
190.22751609794795513 54.04501143284142017
194.01990438252687454 53.73182538338005543

[OBSTACLE]
181.47053434979170561 49.67690311279147863
181.20573175139725208 49.96449820324778557
183.80102719087153673 52.21934887766838074
183.74751796107739210 52.37745316792279482
187.36240431945770979 53.21398165728896856
187.36197110917419195 52.83385375607758760
184.13621637877076864 52.04277758765965700

[OBSTACLE]
189.32399144954979420 45.33693502470850945
187.33029976952821016 46.19543648511171341
189.94597916770726442 51.04017648566514254
190.78556523192673922 49.97012054454535246
190.68931093998253345 46.79672510083764791

[OBSTACLE]
146.95319580845534801 48.58624118752777576
146.94929490052163601 49.10637923330068588
153.99446262232959270 49.12089815549552441
160.48601204063743353 50.36182220280170441
160.57759766746312380 49.84974200651049614
153.82962785009294748 48.69541338551789522

[OBSTACLE]
129.30608008988201618 47.35864146053791046
102.88489879481494427 47.51005730591714382
102.88545144349336624 48.00240401457995176
128.80304024554789066 47.73391179461032152
129.29617766290903091 47.84699512552469969

[OBSTACLE]
163.81081097293645144 40.14604529552161694
163.63504144549369812 40.63550784159451723
172.82097664661705494 43.85093954578042030
175.91395590174943209 45.86406477633863688
176.15588794182986021 45.54409728385508060
173.09291775710880756 43.43246686179190874
173.02872416656464338 43.52643105015158653

[OBSTACLE]
180.53181280754506588 39.72022350784391165
180.24323945119976997 40.80474285688251257
181.42151218280196190 41.80251712072640657
182.10120027139782906 41.97653852868825197
182.62568877730518579 40.86125540267676115
181.86646447982639074 39.83402037620544434

[OBSTACLE]
189.44060769025236368 39.04635640885680914
189.07939409557729959 40.69695122446864843
190.16273299138993025 41.03032684698700905
190.87366103567183018 40.73080410249531269
190.85606751497834921 39.28482647892087698

[OBSTACLE]
92.51930811349302530 33.46324883215129375
92.07787476200610399 36.74366743769496679
91.84111069235950708 37.16461304947733879
94.69461527653038502 39.32003020867705345
94.60892100539058447 39.51675296481698751
101.58299558050930500 40.00842503178864717
101.62091561406850815 39.48947062622755766
95.11784012522548437 39.13417077995836735
95.12723097298294306 39.00640310905873775
94.84119231812655926 38.97527960687875748
92.45132406149059534 37.02113517932593822
92.88197434507310390 34.03492782078683376
93.06778530217707157 33.57592107821255922

[OBSTACLE]
139.85685561876744032 37.59992530290037394
139.63578969053924084 38.04387831036001444
148.75524529814720154 38.22858367767184973
157.12242557108402252 39.58313766773790121
157.21804477553814650 39.05984067078679800
148.76322460360825062 37.70710959006100893

[OBSTACLE]
188.68321754038333893 32.20472551509737968
184.40682783629745245 33.40032455604523420
186.22379963565617800 37.12358174286782742

[OBSTACLE]
52.93628977145999670 33.87141107581555843
54.10160471498966217 36.89404232520610094
56.15666307229548693 36.73508167639374733
55.19754984974861145 34.55906762927770615

[OBSTACLE]
52.24625613633543253 33.65684259310364723
47.02658186201006174 35.40902283228933811
47.94666488096117973 36.41018655337393284
51.08151767402887344 36.86434010602533817
52.75248356629163027 35.76770337112247944

[OBSTACLE]
102.02165577467530966 23.85559190530329943
100.98555181547999382 31.80832422990351915
108.93834438826888800 32.84440804086625576
109.97444808576256037 24.89167571626603603

[OBSTACLE]
56.24019894748926163 23.97952524945139885
55.26272148452699184 24.26460369396954775
55.02958932332694530 25.19039084948599339
55.33209434524178505 26.09790565073490143
56.24000003840774298 26.40054096933454275
57.14790573064237833 26.09790565073490143
57.45054104924201965 25.18999995756894350
57.14790573064237833 24.28209426533430815

[OBSTACLE]
65.90000005625188351 21.97935935668647289
65.23219688981771469 22.22219682391732931
64.98935942258685827 22.88999999128282070
65.23219686932861805 23.55780310276895761
65.89997987169772387 23.80064062587916851
66.56783816870301962 23.55779049918055534
66.80656985566020012 22.88859277404844761
66.56783047318458557 22.22220673318952322

[OBSTACLE]
159.15412034839391708 21.41228123754262924
158.87990936823189259 22.56803801003843546
160.03763294499367476 23.55629556812345982
160.71496314182877541 23.73317497875541449
161.23946884367614985 22.61785528343170881
160.48041727114468813 21.59085395373404026

[OBSTACLE]
116.51786875259131193 12.69189849309623241
115.48758878745138645 13.02795194555073977
115.56507399398833513 14.74217863567173481
118.08042385708540678 18.75884674303233624
119.16545046027749777 17.19785233121365309
119.08776027709245682 17.06562492437660694
119.71962977945804596 15.84807124920189381
118.96033288165926933 14.82073870394378901
117.68632837291806936 14.68050881009548903

[OBSTACLE]
60.05272604897618294 11.49322792422026396
57.40263793710619211 15.75671391282230616
59.11822401080280542 16.82307206839323044
61.76831212267279625 12.55958607979118824

[OBSTACLE]
69.88000003900378942 9.60945903137326241
68.97209440451115370 9.91209433134645224
68.66944908443838358 10.82000004313886166
68.97203469276428223 11.72772662620991468
69.87000211048871279 12.05773994885385036
70.78777455165982246 11.72783182375133038
71.08681305591017008 10.91473104339092970
70.78809808101505041 9.91215846687555313
