[SCALE]
1.0

[BORDER]
32.11493360530585051 20.80136547703295946
32.53005179110914469 20.33966166991740465
32.80969205591827631 20.55963835678994656
31.74946163222193718 31.22756276652216911
31.18454928696155548 31.23617804143577814
31.18865303136408329 31.50617587659507990
41.20745101477950811 31.35337090119719505
41.16565577127039433 30.72333993669599295
42.06380081363022327 30.61771131865680218
47.79889609199017286 25.87129100225865841
55.43960772827267647 27.25098781846463680
64.41403082106262445 25.61662992648780346
67.85799543000757694 29.90698746871203184
78.04462598916143179 29.14857256971299648
89.72443114407360554 30.66201589256525040
99.26278361119329929 27.79868028871715069
112.34328979346901178 33.73227032553404570
118.06826551351696253 42.15435122232884169
120.98618219699710608 50.57168753817677498
120.83337249141186476 50.73873201757669449
119.22971430234611034 50.33821883983910084
117.86698824353516102 51.15628498047590256
117.59656133316457272 52.24240366555750370
116.82365150377154350 53.76107424963265657
117.76836076471954584 55.36565085407346487
119.31952888984233141 55.17476452048867941
120.31959842704236507 55.23980642948299646
121.68075500056147575 54.42268270161002874
121.86745624057948589 53.96408942993730307
122.13862309046089649 53.97954962775111198
123.48990977276116610 58.81088981684297323
128.25908822566270828 59.71810178551822901
138.85202500596642494 51.34491064865142107
139.24040068220347166 51.75071295164525509
142.43110246770083904 51.98745786771178246
144.02596354950219393 50.88886051718145609
162.17725420184433460 51.67759975884109735
172.42658757325261831 48.03179928753525019
180.49646751768887043 51.69097702763974667
201.56940863281488419 64.58507577050477266
219.51262493152171373 68.21565890870988369
221.97166182845830917 54.28971036989241838
222.20527653396129608 54.22698859032243490
224.34432693570852280 56.76978669408708811
226.31485825497657061 56.74350925255566835
224.50390232075005770 53.18894843757152557
222.33803422376513481 52.21490083448588848
222.56711408309638500 50.91755718924105167
221.64993074163794518 46.56398330070078373
226.50810205563902855 45.40036016795784235
236.07884652353823185 38.13704623468220234
236.30352056398987770 38.28545775543898344
235.23372795712202787 42.54770487826317549
237.25928997807204723 43.12069244403392076
237.06643300037831068 43.77258887887001038
237.90052972361445427 44.68921797443181276
237.67109808325767517 44.77036721818149090
238.55044038034975529 45.68612632527947426
239.65273211803287268 45.19301884341984987
240.45104510802775621 45.03664108645170927
242.30189961567521095 45.64648899435997009
243.02755658235400915 44.89346621744334698
241.44909819681197405 44.22879304550588131
241.44894380029290915 43.97665884345769882
246.21071025356650352 41.96465678419917822
252.30460765399038792 45.76739439740777016
256.64586319215595722 45.66202750429511070
257.58209561835974455 46.62250072043389082
259.11727597564458847 49.88784627523273230
260.04422342311590910 49.46240346319973469
258.50954950973391533 46.19789690338075161
259.43888991605490446 45.94953486137092113
260.03502909280359745 43.92105152644217014
258.87179546337574720 42.64273738674819469
263.98809394799172878 38.71669439412653446
264.80750696826726198 37.43929587304592133
265.06540875695645809 37.49522717110812664
265.16237211693078279 38.16757414210587740
266.62512736860662699 38.72501658368855715
267.23550470825284719 39.26735077705234289
267.65468038246035576 38.98501232732087374
269.59333238005638123 43.59132099896669388
272.92988598905503750 42.18696203082799911
271.09715956449508667 37.83247946947813034
271.30824792478233576 37.48865358345210552
271.07133055478334427 37.11300613544881344
276.83171654678881168 35.03235549293458462
279.20365225337445736 40.66802063118666410
282.54018620867282152 39.26376234367489815
280.28328695893287659 33.90144848637282848
280.54036523401737213 33.81722181569784880
280.96845304407179356 29.92845615930855274
289.16480232030153275 30.22696544602513313
293.97292526066303253 29.13393556140363216
293.83947900962084532 30.39428321737796068
299.14783092401921749 32.37482461147010326
303.76223669480532408 36.54896371159702539
303.36887306999415159 36.90859055705368519
303.47881766315549612 37.02888314612209797
301.61526693124324083 38.47995531093329191
302.22696167230606079 39.24559473991394043
304.92724853102117777 37.13586167059838772
306.14065922517329454 38.74170005973428488
308.77753701526671648 41.52191255521029234
307.64351900573819876 42.53001789841800928
308.42560925986617804 43.32992643862962723
309.53700855188071728 42.34418172389268875
310.99791556317359209 44.01163608767092228
310.62122628465294838 44.57337966002523899
311.03568273782730103 45.44539439026266336
304.24995042569935322 50.92054691445082426
304.02254954911768436 50.66400775406509638
302.95998441148549318 51.60597429983317852
303.12553573865443468 51.79278055205941200
300.63294454850256443 53.78405411168932915
301.24456180632114410 54.54946816992014647
302.99406188633292913 53.22831324394792318
304.59391877241432667 54.74734193272888660
306.67312850896269083 52.87587194517254829
306.15971503499895334 50.93389944825321436
311.55964366998523474 46.52862880006432533
313.58937841467559338 46.81020989641547203
317.61505683232098818 51.49816839583218098
317.51564336754381657 51.61551716178655624
320.50905447266995907 53.25186713039875031
319.80344318691641092 53.93136324547231197
320.73135911766439676 56.28696518111974001
320.52096773684024811 59.13578396756201982
319.34202679526060820 61.56977809499949217
313.39320606458932161 59.93553261365741491
312.43440473265945911 63.42623208183795214
316.52848725859075785 64.54477513302117586
317.00719685666263103 65.53034767601639032
318.26565504167228937 65.42129542864859104
318.74599396623671055 65.55483102519065142
321.58649558853358030 59.44222768675535917
321.73463986627757549 59.48333868850022554
321.94406821485608816 56.42276087123900652
322.93689130060374737 56.52779382653534412
320.50949681829661131 66.32370250765234232
317.04262346588075161 76.48596502933651209
314.49116012547165155 75.47616384830325842
314.78667652886360884 74.31429827585816383
308.45272474829107523 71.86306192912161350
308.48419703822582960 71.71246696356683969
302.25190951209515333 71.69088030140846968
302.34377219155430794 72.06172232981771231
298.67960109189152718 71.78766451962292194
297.58350641187280416 68.15487837232649326
294.48193933721631765 67.54272240865975618
293.00154518336057663 66.00685966201126575
290.67430060822516680 60.33932660706341267
291.69940726272761822 58.66975948587059975
290.69582184497267008 57.18762812856584787
291.16341550648212433 57.06150293070822954
290.60479164123535156 56.24795693065971136
290.64273382816463709 55.51374599244445562
288.84585635364055634 53.68824174162000418
286.48962189722806215 54.06201381701976061
286.57738956715911627 54.31732903234660625
286.26220158208161592 54.40479035489261150
286.55530286114662886 58.17426285706460476
282.51532909646630287 59.97440658695995808
283.03271858114749193 60.91996390093117952
287.79536228626966476 59.39583978243172169
288.33385370858013630 60.52868891134858131
289.52757799345999956 60.69425477925688028
292.06258450448513031 66.59637764655053616
291.93307843524962664 66.67931831628084183
292.03933181241154671 66.78837442491203547
291.90606287773698568 67.03428143914788961
291.18665368761867285 66.89229079242795706
280.19614490028470755 77.70219339150935411
278.56847532745450735 74.23312391247600317
277.46399924159049988 74.75131910294294357
279.19297496043145657 78.43632450886070728
275.19374226778745651 80.26219582371413708
274.14604542963206768 78.59835466835647821
272.57179306447505951 78.53199261147528887
271.90856358408927917 77.06602022703737020
271.91160234622657299 76.78890021797269583
271.70221131667494774 76.61916883476078510
271.05830986611545086 76.91054276190698147
269.26829480845481157 77.18018966261297464
268.39323054719716311 79.36679599247872829
269.50429141055792570 81.67481939028948545
273.88576731178909540 82.41812340356409550
274.70038444455713034 81.09135445952415466
275.13673374615609646 81.69705125875771046
276.08021462149918079 81.22924797050654888
276.26784800179302692 81.49540039524435997
276.13643465004861355 81.62227396853268147
279.26695967465639114 89.56010378431528807
271.81894657760858536 92.50030409637838602
272.29094617348164320 93.62531071715056896
279.66516008041799068 90.71423809323459864
278.63653367478400469 102.40439725015312433
264.69794800598174334 105.43632776290178299
264.55261667352169752 105.23169922549277544
264.83050567563623190 104.77832450158894062
259.90087484475225210 102.32740414328873158
259.83871698286384344 103.10854704491794109
258.61174640059471130 102.64495627582073212
258.01751295477151871 103.23526455461978912
258.90172477997839451 104.88984489068388939
259.53467078227549791 105.18713683262467384
260.29116918612271547 104.33364326972514391
261.64502983260899782 106.10040163621306419
247.20576668623834848 109.24125000648200512
236.39501248486340046 114.03963220305740833
232.03865961730480194 112.93730406928807497
230.93338481429964304 110.25464113242924213
231.64823632407933474 108.81624161545187235
232.15285885706543922 100.63327909167855978
234.15966328606009483 100.30850631836801767
234.67104647122323513 98.35702436417341232
230.65690048690885305 95.24004752933979034
230.82757982704788446 94.95177432056516409
234.22747257724404335 96.42502299789339304
235.17668925877660513 92.39553456380963326
230.09632751531898975 94.67731907777488232
226.54108056053519249 90.62649615574628115
221.75460823159664869 92.27319722715765238
221.51297541428357363 98.61328618880361319
220.56579008977860212 101.27852827496826649
218.90759988967329264 103.71005815453827381
212.75739527493715286 104.78119909018278122
210.43526543676853180 108.19185834191739559
193.04313483089208603 108.07296571135520935
179.15959493070840836 103.44017598964273930
174.82293137349188328 110.31759828887879848
172.55092736054211855 109.02919632196426392
167.27495989110320807 114.02427201252430677
163.10654357168823481 121.18907521199434996
150.74491752218455076 131.65022692829370499
150.53050949517637491 132.50168098043650389
150.26347304973751307 132.52706363052129745
149.16440901067107916 130.16943425592035055
144.08256703335791826 126.16220584418624640
145.24361436441540718 125.21596249938011169
140.08987767342478037 121.74326144810765982
136.31155396904796362 121.54738246276974678
136.48476630914956331 120.87898408435285091
135.39596107881516218 120.33206222578883171
134.35152158327400684 121.06679785158485174
134.27847538329660892 121.50074009783565998
129.71460287738591433 121.39683927875012159
128.94642618577927351 117.58515968360006809
131.33456979505717754 114.65460100211203098
131.10723352432250977 111.09991001430898905
128.94575598649680614 104.83132269699126482
129.43290269002318382 99.21229983866214752
126.39741258416324854 96.02977486327290535
120.61201139539480209 92.02233735471963882
119.73388256225734949 98.43870037700980902
118.95266567822545767 100.02405725046992302
118.70551796723157167 100.01388857606798410
118.47523332294076681 99.42989280726760626
117.44701420515775681 98.98324413783848286
116.07735841907560825 97.97281464468687773
114.25091247167438269 98.64223485346883535
114.27261411026120186 100.20270855445414782
114.04427114874124527 101.17823692131787539
114.57750618364661932 102.53050135262310505
114.43208488821983337 102.70376344304531813
110.44403120037168264 101.88984066899865866
106.36198274884372950 97.93453080207109451
107.51478273980319500 94.87711065821349621
105.32384961564093828 86.71547236014157534
101.48102384619414806 85.44555559940636158
101.42477371264249086 79.33129533194005489
105.38731219898909330 77.82381540536880493
105.02463105320930481 76.87042220588773489
100.95224639307707548 78.41976939700543880
100.16710388474166393 76.43631658144295216
94.86142550129443407 76.52007962390780449
90.93827383965253830 79.65595644526183605
92.04015235602855682 92.33178781904280186
91.79696128517389297 92.44344367552548647
87.84148131590336561 88.39778753556311131
87.99838273599743843 88.14475825056433678
88.36572900321334600 88.26383080519735813
89.19829630851745605 85.69539551343768835
87.56207078509032726 85.16502841748297215
86.84468706976622343 87.37821749784052372
86.38345917500555515 86.90650366432964802
80.64465331565588713 92.51748051773756742
86.18574602250009775 98.17626064643263817
86.37000882532447577 97.99610334727913141
86.63569718506187201 98.26331144850701094
85.56581287831068039 99.34516315255314112
79.41495280712842941 92.00209103897213936
75.55174333974719048 91.17985750455409288
73.91380016878247261 83.40912321303039789
71.68320273607969284 83.29147004708647728
71.73249729443341494 82.49308995436877012
70.71478896588087082 82.43023884296417236
70.63674581982195377 83.22633782029151917
66.83897650428116322 83.16944902949035168
66.86834978498518467 82.38646244257688522
67.91632835473865271 82.40395496971905231
67.95266902074217796 81.63952194526791573
68.17456499673426151 81.65322200767695904
68.23739690613001585 80.63515971880406141
67.41893495898693800 80.58462751004844904
67.35044516064226627 81.69436387438327074
66.89741522911936045 81.61168168764561415
66.96399334631860256 79.83694724366068840
74.44552021101117134 80.59447622671723366
75.69529228936880827 76.89908231887966394
76.10291052609682083 77.25651723798364401
85.38277763873338699 74.18281646259129047
88.24759074952453375 65.20945096109062433
89.07843428384512663 61.13257252797484398
92.14739935938268900 58.85459626652300358
94.32845709286630154 57.59454308915883303
102.78220089897513390 47.83848007675260305
101.32589165959507227 43.11533953808248043
97.40009941719472408 41.96524567063897848
89.83966585621237755 44.49810026492923498
86.58802264276891947 49.20385009422898293
83.58121364936232567 49.57535086758434772
84.06191391125321388 45.17699153628200293
83.67593434546142817 45.13000827562063932
83.03280981630086899 49.80792486108839512
83.40791722107678652 49.85356314573436975
83.17007039487361908 50.34614963643252850
82.93189019430428743 50.34643275197595358
81.50922503229230642 47.41785994172096252
80.05203566420823336 48.12579976022243500
82.15348884649574757 52.45163803175091743
78.47816445119678974 60.06354058440774679
71.02364687621593475 59.96419093757867813
67.18159732874482870 62.02785095106810331
59.92638799548149109 59.25540267955511808
49.56363965850323439 59.37897336110472679
42.18660914618521929 51.62602086830884218
38.17722138017416000 52.08685384970158339
38.23286759760230780 50.04598698485642672
38.51225355174392462 49.99373872764408588
41.50116550642997026 47.56133289635181427
42.40956309996545315 37.85571862477809191
42.02626756578683853 35.01829561777412891
44.94986731093376875 35.41417594905942678
45.01964078657329082 34.89903720654547215
41.25326721370220184 34.35783976968377829
41.25134471897035837 34.23307327553629875
31.23254921846091747 34.38587821926921606
31.23665308207273483 34.65577565878629684
31.96295816637575626 34.64471074566245079
31.45665142219513655 37.27782875578850508
30.82870450615882874 37.29833383299410343
30.88994666095823050 36.91847120691090822
27.15064864605665207 37.12012893427163363
11.42475179303437471 37.37768640369176865
11.11593066900968552 37.22557293344289064
11.02413004171103239 37.38854745496064425
4.74744184035807848 37.63071134965866804
4.51507387124001980 37.48241344373673201
4.34073395282030106 37.71421923022717237
1.06786898616701365 38.97139463108032942
1.12800258863717318 39.11385381966829300
0.23045847099274397 39.97010741662234068
0.00000000093132257 39.87145490571856499
0.00000000093132257 32.92636271845549345
3.97062102518975735 30.91055984236299992
5.22838761098682880 23.46450073923915625
0.00000000093132257 18.85880687274038792
0.00000000000000000 7.79634153097867966
0.33079383336007595 7.75314336828887463
0.47170347254723310 8.28345687594264746
1.97152267862111330 7.88497578166425228
2.02834124118089676 8.06752236746251583
2.53771578241139650 7.88702816609293222
2.39011226408183575 7.46333052124828100
2.60073890723288059 7.29547878075391054
3.26255453471094370 7.71068317350000143
5.56399228516966105 4.23179810587316751
4.27614371851086617 3.42383930925279856
2.05991454236209393 6.95618088077753782
2.38679216708987951 7.16125465184450150
2.36084724683314562 7.39798640459775925
1.76918753143399954 7.60859842784702778
0.86742593254894018 3.86403305362910032
0.00000000000000000 4.09432315081357956
0.00000000000000000 1.83489076700061560
0.38143557123839855 1.69975725468248129
0.24731308408081532 1.30379751976579428
0.00000000093132257 1.39184919651597738
0.00000000000000000 0.41158214304596186
9.09564542118459940 0.00000000000000000

[OBSTACLE]
151.65110407117754221 124.68554509524255991
150.75159642659127712 125.16650111414492130
151.05516826827079058 125.73426824156194925
150.89106812980026007 125.93096993025392294
150.66967035178095102 125.85986093711107969
150.54411273077130318 126.87343765236437321
151.55188823956996202 127.02892232593148947
151.74632348213344812 125.76859540212899446
152.11469462420791388 125.55507657956331968

[OBSTACLE]
153.65091901086270809 109.45958117023110390
152.37424506526440382 109.49993258155882359
151.52292039152234793 110.53154196776449680
151.67812638357281685 110.85152200050652027
151.01251052506268024 111.50098662637174129
152.74393455870449543 114.97945778165012598
155.25939614139497280 116.22832503076642752
157.83139228634536266 115.37217663787305355
158.67928282823413610 113.68290974851697683
157.01322980318218470 111.21534708514809608
153.85842777322977781 109.81676693353801966

[OBSTACLE]
137.42692451737821102 104.94730929657816887
135.65130254440009594 108.01259327400475740
135.95965583156794310 110.92947732377797365
140.46567571535706520 114.89134535659104586
143.54855826590210199 113.48063621204346418
143.17766734585165977 108.17024775315076113
141.08434230927377939 106.81836096849292517

[OBSTACLE]
161.37014217022806406 102.89288733154535294
161.25797801464796066 103.17011834401637316
159.85986827220767736 102.94573102146387100
158.42883917130529881 103.23992026969790459
157.53696394152939320 104.34191042371094227
157.14390268921852112 105.54901279229670763
157.81810742709785700 105.93833559192717075
158.96204438060522079 104.08076977171003819
161.07583250384777784 104.04469414707273245
164.59317787643522024 106.82265585381537676
165.23362402804195881 106.02895428612828255

[OBSTACLE]
240.08146842941641808 100.71180075220763683
237.05679071974009275 103.31289792899042368
236.67889205832034349 105.34811471309512854
238.17544097360223532 105.89286816678941250
240.57362603954970837 102.62006420828402042

[OBSTACLE]
148.20032479427754879 99.32310823164880276
148.01533057540655136 100.67083886265754700
148.38289488106966019 101.21177348680794239
148.23748667910695076 101.42540920339524746
145.31525207776576281 100.76807202119380236
145.19903055205941200 101.30956027470529079
148.55493157356977463 101.87780917901545763
148.97129294369369745 102.07770354952663183
149.81352115981280804 103.31718200352042913
151.72437637764960527 103.89953644201159477
152.98221634235233068 102.05087156035006046

[OBSTACLE]
198.71970468107610941 71.14696628227829933
194.34418425802141428 71.85174405202269554
188.73492629919201136 74.22422397322952747
184.69842583592981100 77.04292884282767773
183.11414267774671316 80.97605972830206156
185.27182538621127605 84.63425006438046694
189.41937884967774153 86.67302405089139938
185.19777137041091919 90.27976798731833696
184.25022750534117222 95.60975503269582987
187.78638155665248632 98.71125087514519691
195.78159048967063427 99.81407133676111698
204.97219209652394056 97.15296282898634672
208.40987439732998610 92.58770470134913921
207.93118493910878897 84.75431466195732355
204.26963044237345457 77.54630044661462307

[OBSTACLE]
175.70188869070261717 93.83649951126426458
174.23886456340551376 97.62095707561820745
175.21103187277913094 99.33518141508102417
177.45387909933924675 96.03607549984008074
177.28867238759994507 93.97268542647361755

[OBSTACLE]
258.00406706519424915 80.39727110695093870
255.96018573641777039 86.06058090832084417
254.06748630665242672 87.67142591532319784
254.18301916401833296 87.72391003184020519
253.82693468779325485 88.67816532403230667
252.22934446018189192 88.45600552298128605
251.96525411214679480 88.79446201864629984
249.64836742915213108 86.12873701844364405
248.87850239593535662 86.79787709005177021
251.32594869565218687 89.61378747504204512
251.03544106334447861 89.98610347881913185
251.36864202097058296 90.86247376538813114
251.11782368551939726 91.03075462859123945
248.42405813466757536 88.51000764593482018
248.03446496650576591 89.13213729858398438
242.67976759932935238 84.11121911741793156
239.55727999191731215 85.61570631433278322
241.25219359435141087 87.48469700384885073
239.34058227017521858 87.94027676060795784
239.42311694193631411 89.39584317989647388
240.87254224997013807 90.10806421190500259
242.20352902542799711 89.50344070326536894
245.79517581872642040 93.28068583086133003
249.77066518273204565 95.82913966476917267
255.07487008348107338 98.68285095226019621
259.58990142494440079 96.09857448376715183
261.91740831360220909 97.05528706312179565
262.26350319758057594 96.13892132323235273
258.74577477853745222 94.68744773697108030
258.59839263651520014 95.03132933285087347
254.80325538292527199 93.59381958562880754
253.12390994094312191 92.61166194826364517
253.23493067640811205 92.31251455377787352
253.73022469878196716 92.40342824347317219
254.40776784718036652 91.59961417410522699
256.55358935706317425 93.30307529121637344
256.73642482515424490 93.19752841349691153
258.34085629880428314 94.23680411837995052
258.89538974873721600 93.38070823997259140
258.59998719766736031 93.18935919832438231
258.66991808824241161 92.92334607150405645
259.31085367128252983 92.88441943563520908
261.33346870634704828 90.78028496354818344
261.12870398908853531 90.69605068676173687
261.04163510818034410 87.89287601690739393
259.01821267884224653 85.80420328676700592
257.74956640135496855 85.79259430710226297
259.16975698899477720 80.75483059603720903

[OBSTACLE]
129.90011259634047747 80.44495014846324921
125.78812963515520096 82.35767482779920101
127.34068998135626316 86.43148501031100750
131.09285418316721916 90.93376738857477903
130.45574961602687836 91.28001879807561636
130.03626490850001574 92.26204267889261246
130.91496650129556656 93.29712759237736464
132.12730258330702782 93.37078972347080708
132.59659515880048275 92.56465944647789001
134.09515307936817408 93.93413889873772860
134.33473143633455038 94.36468562949448824
134.50790457800030708 94.28565786220133305
137.26432172209024429 96.38490009494125843
137.52409282885491848 96.02701877243816853
138.55511398799717426 96.95907826721668243
139.27925866562873125 96.80334623251110315
139.88470212463289499 98.16311391349881887
141.15835119038820267 98.25983814802020788
142.11689834948629141 97.32392261363565922
141.46317804418504238 96.41091733612120152
140.80473936907947063 96.50969293434172869
138.87927928194403648 94.64878205489367247
138.50916913803666830 93.45868665724992752
137.24239468388259411 93.29164931923151016
136.23344594053924084 94.17326513398438692
136.74392062798142433 94.94016391783952713
136.52197486534714699 95.16029913257807493
134.56754265353083611 93.83613175433129072
134.56577187310904264 93.67315950524061918
134.45669131726026535 93.73053510580211878
132.27771053463220596 91.63482869882136583
132.31986094824969769 91.45589217357337475
131.82490870356559753 91.36873125936836004
131.76093783136457205 91.13739619776606560
132.90820380207151175 90.14350840356200933
133.00366032216697931 90.55684692226350307
133.43801334779709578 91.10780347045511007
134.53122598491609097 90.50387914292514324
134.52125431317836046 89.22662548068910837
134.24386350717395544 88.98639328125864267
134.69163327105343342 88.59847223665565252
134.70336569380015135 87.45073716528713703
134.99876956176012754 87.41598028596490622
138.91848592832684517 84.27970533445477486
138.28135929536074400 83.48342981934547424
135.59720113314688206 85.54090016428381205
135.37336524855345488 85.39976766891777515
135.43351368606090546 85.11521261651068926
134.29704621899873018 84.63836423307657242
133.95238960906863213 84.91640325449407101

[OBSTACLE]
158.89997552242130041 91.25853951741009951
158.05578045640140772 92.15544140804558992
158.21692754700779915 92.93126236088573933
155.78702233079820871 97.25805046595633030
156.67657768540084362 97.75715897139161825
159.00846168212592602 93.60110309161245823
159.69197698868811131 93.89055638480931520
160.26578641124069691 92.92516218591481447
159.49216031748801470 91.63493363745510578

[OBSTACLE]
164.56913160625845194 92.16121146362274885
165.18985868245363235 94.52224840596318245
167.35939068067818880 95.47598487511277199
166.61816966067999601 92.37447153404355049

[OBSTACLE]
114.74811493884772062 90.17550386767834425
114.14057102799415588 90.99483102560043335
114.96001621522009373 91.60246245656162500
115.55528939794749022 90.77432243991643190

[OBSTACLE]
145.68342200387269258 86.54109042603522539
143.22702583763748407 90.91905258689075708
144.11657778080552816 91.41815879940986633
146.57297432236373425 87.04019663482904434

[OBSTACLE]
154.51961215119808912 59.51600542012602091
149.86598524264991283 63.11240166518837214
152.74489756207913160 71.45337016135454178
156.31818722840398550 78.03114607185125351
158.86246734112501144 84.13601673394441605
164.07373366318643093 85.68478898145258427
166.42135124746710062 90.08719129767268896
169.12095427606254816 91.21851832512766123
170.61284659430384636 90.42660054005682468
168.43229335267096758 88.75003024097532034
167.47067549917846918 86.25099510885775089
168.94892455358058214 86.36158467549830675
169.60930034145712852 86.12616982124745846
169.28258142527192831 84.55132101941853762
173.93946922570466995 84.58595602307468653
173.85774030536413193 83.62069808226078749
170.48546570725739002 83.05003050900995731
168.63961536996066570 84.67160872463136911
167.83134878892451525 84.41239804867655039
168.00386790931224823 83.84948900062590837
164.57378431595861912 80.03024849202483892
165.54554387554526329 79.12760278861969709
161.50580908264964819 75.07312688976526260
160.64852567762136459 75.86934580560773611
162.99893652927130461 78.22839777544140816
162.76325819082558155 78.49558663647621870
160.47688369266688824 76.72696163877844810
159.74061206448823214 73.68543036095798016
160.29750018473714590 73.61953284963965416
160.14077471382915974 71.44358785171061754
161.82293829880654812 70.11447571031749249
161.49638935364782810 69.37249121908098459
162.13265642710030079 68.94898946862667799
170.63409535773098469 68.56671813689172268
172.32100566849112511 66.57108807656913996
172.65431235823780298 66.61278714891523123
171.08968610502779484 63.83360383845865726
170.68046012427657843 63.92767630144953728
168.85739913396537304 61.66479982063174248
162.70234789885580540 63.05155352316796780

[OBSTACLE]
79.68834136798977852 86.31085300259292126
77.57723839767277241 89.73187309876084328
78.44525847304612398 90.26754629891365767
80.55636151134967804 86.84651598334312439

[OBSTACLE]
268.54791256226599216 86.84852775931358337
266.34273340832442045 87.73892557807266712
265.64794490579515696 90.00464211590588093
268.64236549846827984 88.90747130289673805

[OBSTACLE]
116.51298924721777439 82.54195456672459841
115.55013963673263788 82.87860544677823782
117.20702089741826057 87.61729452200233936
118.16986001748591661 87.28064358979463577

[OBSTACLE]
152.41012935061007738 82.47801841422915459
152.55129135213792324 83.72722694370895624
152.31080590467900038 83.84687173087149858
151.67906042095273733 83.23555663786828518
151.15760947391390800 83.52342469990253448
150.73625187482684851 84.50201716367155313
151.61459823977202177 85.53669332154095173
154.82298962585628033 86.05108119826763868
154.40771351847797632 83.68855411279946566

[OBSTACLE]
111.21644369699060917 83.37934388406574726
109.78665216919034719 83.84719604440033436
109.28794276062399149 84.34126312937587500
110.01391177531331778 85.33601690176874399
111.24692014046013355 85.24022524338215590
112.03034532908350229 84.15316095389425755

[OBSTACLE]
244.61379350163042545 73.26889187376946211
238.26964100264012814 76.20484692323952913
239.09194731246680021 77.70328856818377972
238.94395900145173073 77.73043599817901850
240.12496279459446669 79.79460248723626137
242.45133084617555141 80.18512353952974081
244.10936588607728481 80.18705137539654970
244.02983393426984549 80.40882837399840355
245.28725104127079248 81.97033725399523973
246.65241083875298500 84.27613148838281631
247.69894101470708847 83.75827300362288952
246.60289139766246080 81.78847385477274656
247.43323468789458275 81.67023939825594425
248.26298180408775806 79.77596727386116982
246.69493553042411804 77.70293125789612532
249.61190924420952797 76.71009377483278513
249.04637752659618855 75.65401518158614635
246.29057083092629910 76.79744385182857513

[OBSTACLE]
229.90303986612707376 79.78840181790292263
227.61816733889281750 80.41567231807857752
230.09325831849128008 82.36094260867685080
231.80618069041520357 81.21468634158372879

[OBSTACLE]
142.19762057717889547 75.75248743593692780
140.05235341750085354 77.67128906864672899
141.82419281918555498 80.03155629523098469
142.08835808001458645 79.94511149451136589
145.18011890724301338 80.49774644523859024
146.15284721832722425 78.68070131447166204
144.85928736161440611 78.48045258317142725

[OBSTACLE]
111.68563230987638235 72.94864507671445608
109.66571765672415495 73.92893651779741049
109.14528475888073444 75.43076427932828665
109.63473830092698336 76.43927074037492275
110.01616234518587589 78.09810639824718237
111.77028432395309210 78.72284600790590048
112.83765303809195757 77.58124020602554083
113.64645614195615053 76.98945043981075287
114.16628026217222214 75.48934921994805336
113.68179027177393436 73.97642996814101934

[OBSTACLE]
260.62001792713999748 68.54332147073000669
254.57240711897611618 71.23605699185281992
254.98729230184108019 72.16782724950462580
258.48570636752992868 70.61016924120485783
258.66985490079969168 70.78445887193083763
258.27961051184684038 71.80910048354417086
258.45536419562995434 72.00275305006653070
256.02622062060981989 73.06877611577510834
255.94392228033393621 72.84181524068117142
254.70311914663761854 73.29167417529970407
255.16422537807375193 74.63449165411293507
255.54741697292774916 74.49561373423784971
257.15812278259545565 76.00132238678634167
259.27366346865892410 77.05744901951402426
260.18917575385421515 76.85658749658614397
260.33809898700565100 76.09998076967895031
257.91696198750287294 75.33572438172996044
256.83695713616907597 73.76440823450684547
259.12293132860213518 72.97954525146633387
259.54212996829301119 73.37520390748977661
261.85642436984926462 73.04557130020111799
262.99387279432266951 75.43965596705675125
263.12886892259120941 75.37537677399814129
263.26822507940232754 75.63913127873092890
266.69038267154246569 74.03220232110470533
266.26887711696326733 73.14739571511745453
263.59439689572900534 74.42159553151577711
262.40126710478216410 71.91707474458962679
262.23190436605364084 71.90470644645392895
262.56462244689464569 71.19812742527574301
261.03022893890738487 69.46465011406689882

[OBSTACLE]
140.67489682510495186 70.52956112660467625
139.80907882470637560 70.95997608453035355
140.27455031126737595 74.28905779588967562
142.21761701814830303 75.43269576039165258

[OBSTACLE]
278.47814385313540697 43.72787089087069035
272.94402575399726629 46.12353937141597271
272.43970862217247486 45.00879100244492292
271.41928706970065832 45.47053643874824047
271.84070357400923967 46.40196088142693043
268.09674046095460653 48.15862490888684988
268.16204290185123682 48.30634837504476309
266.44747482705861330 48.92303244303911924
265.32253533788025379 46.52552406303584576
264.21807134896516800 47.04372261743992567
266.27820096258074045 51.42467125318944454
266.45066236425191164 51.33097033668309450
268.31699888780713081 56.50702981371432543
265.19191131275147200 56.18189074750989676
263.75712787546217442 52.77282836567610502
260.42057591583579779 54.17709422949701548
261.75173012353479862 57.32273376639932394
262.65127946343272924 62.72080900240689516
265.11026117857545614 65.49128109868615866
266.43093362450599670 68.30612356401979923
266.59342626202851534 68.22992099262773991
268.90865026600658894 73.47023028694093227
269.83193366229534149 73.03611955605447292
269.73600140493363142 72.83204231411218643
271.54906050488352776 72.00920150801539421
271.13869952410459518 70.96848339773714542
269.25978128984570503 71.81854989100247622
266.74419351667165756 66.10538255888968706
271.11075647454708815 63.73602618556469679
271.34440051857382059 63.73709839209914207
272.20644630119204521 65.46113797370344400
273.09237493202090263 65.04331951495260000
271.86916357465088367 62.25325472094118595
272.13623259775340557 61.73116535041481256
273.42216954287141562 61.17150321230292320
272.94173000752925873 60.06752756237983704
273.07317343540489674 59.90129123721271753
272.09191802144050598 56.95209413673728704
271.56409616768360138 56.89332737959921360
271.33683028444647789 56.36965025682002306
270.44846166390925646 56.76898352801799774
269.62203748337924480 56.67694856319576502
266.92468593083322048 49.94162701815366745
268.82739526405930519 49.25724944565445185
268.78396756108850241 49.13654438778758049
273.39606716856360435 47.12273455224931240
273.34786047786474228 47.01616439595818520
278.86654034536331892 44.62763376347720623

[OBSTACLE]
110.15676623862236738 71.60800186824053526
109.43173431977629662 72.37895867694169283
110.14576757792383432 73.05039968993514776
110.87249202746897936 72.33523751981556416

[OBSTACLE]
96.37190127093344927 71.37559772841632366
95.81990656256675720 72.23990025278180838
96.70135817769914865 72.78398739267140627
97.23693246208131313 71.91601246595382690

[OBSTACLE]
173.04666801262646914 67.87985221203416586
172.28938540257513523 69.22921259794384241
175.14784020837396383 72.10883152857422829
177.10953777935355902 71.92054270580410957
175.01228978671133518 68.52686610165983438

[OBSTACLE]
232.03861413896083832 67.48499562405049801
230.83198533952236176 69.11670449189841747
230.56224253121763468 68.92174568492919207
229.02466914243996143 68.65362774860113859
228.36929959245026112 70.48012476973235607
229.21046182233840227 71.12387873046100140
230.87788713257759809 70.47699825093150139
230.71035114768892527 69.65151044633239508
232.05369235854595900 70.02244996838271618
232.93868329096585512 69.10139288473874331
232.82672727946192026 67.76858933549374342

[OBSTACLE]
130.34876342676579952 66.21629232633858919
129.50209080241620541 66.24071977753192186
129.58563786558806896 68.42103702854365110
127.84023311268538237 69.63408879097551107
128.15991749428212643 70.46646301727741957
129.47147750202566385 69.86375171598047018
130.49241657461971045 68.83241429179906845
130.62421571649610996 67.41124603990465403

[OBSTACLE]
237.97392737772315741 50.33427504263818264
236.76666338928043842 50.51327688526362181
236.65391338057816029 57.25267679989337921
236.50179076287895441 57.27523137722164392
238.63862178474664688 63.12969625834375620
238.74323042109608650 63.05875824205577374
239.03995882719755173 63.76666534785181284
238.75941431149840355 63.93634272180497646
237.93057363759726286 62.93411474395543337
236.01558876503258944 63.44290783163160086
235.63140984438359737 64.51423685438930988
234.78119888808578253 64.91311906278133392
235.79966808669269085 67.08367287181317806
234.83660000562667847 67.41305993869900703
235.05220417026430368 69.34119840059429407
235.24503954313695431 69.37974174134433270
235.21492407564073801 69.68422657623887062
235.56282314658164978 70.42667919024825096
242.10222401842474937 67.84245523158460855
239.67842901498079300 62.13662827666848898
239.57584327273070812 62.18129120580852032
237.75203734729439020 57.09984363615512848
237.92366405669599771 51.86663679685443640
238.13738655764609575 51.76865223329514265
239.74632881488651037 53.06513932533562183
242.66066066175699234 52.88955935742706060
242.04396888799965382 51.75921418704092503
240.14082516636699438 52.03992202319204807
238.45187480375170708 50.76865401584655046
238.14958070591092110 50.94344651978462934
237.95771630667150021 50.82852426264435053

[OBSTACLE]
280.55572801083326340 62.90830632951110601
276.88812260515987873 64.55454555992037058
276.94224513508379459 64.67137309443205595
275.48228719178587198 65.33193574193865061
275.94389742985367775 66.35223909374326468
276.41667487472295761 66.14576257485896349
277.17878554202616215 68.11201700568199158
274.48215953912585974 69.37009020987898111
274.91341327223926783 70.29443057812750340
282.19369517080485821 66.88231084775179625
282.28445426281541586 67.34420612547546625
285.01868097763508558 66.06391130480915308
284.62373921275138855 64.87395595386624336
281.93933976255357265 65.99085489101707935

[OBSTACLE]
106.10038892272859812 63.86447853781282902
103.89322793483734131 64.32478737272322178
108.33191767055541277 66.91558780241757631
108.74140891712158918 66.03772767074406147

[OBSTACLE]
136.67506864108145237 60.68407712690532207
135.37270316760987043 63.83286432549357414
134.65642241202294827 63.18270901124924421
133.45182016212493181 63.60749745089560747
132.95168054942041636 64.85062452312558889
133.70302284602075815 65.26275406405329704
133.23491475638002157 66.14711694605648518
134.20078042522072792 66.60072713065892458
134.60647358000278473 65.73688239324837923
135.91835219785571098 65.80953610036522150
138.31752714142203331 63.69215971976518631
138.58689338527619839 61.71180047933012247

[OBSTACLE]
233.06751282326877117 52.38055854197591543
232.24025717936456203 57.09165001381188631
234.21000647544860840 63.56080381199717522
237.67303936928510666 62.50637833029031754
235.70107372943311930 56.02994549926370382
233.64645189139991999 56.65552887972444296
234.27321924362331629 52.56525421142578125

[OBSTACLE]
114.84816307108849287 57.63395527657121420
113.34807710722088814 61.40382861904799938
114.30337612424045801 63.12753280624747276
116.57848203368484974 59.85063606873154640
116.43352256994694471 57.78567686863243580

[OBSTACLE]
254.52102970331907272 54.25090292561799288
253.28892163280397654 54.72209358122199774
253.35083405580371618 54.89300511311739683
249.38125091232359409 55.65209342259913683
248.72372258827090263 57.16053607780486345
250.65866581536829472 61.36363354697823524
252.80119698867201805 60.56579261738806963
252.94044023286551237 60.90677733160555363
250.46417710650712252 62.00935672596096992
250.87906230334192514 62.94112739618867636
256.92668275069445372 60.24839244876056910
256.57757547497749329 59.46429870277643204
256.80460632126778364 59.36339362151920795

[OBSTACLE]
145.82952738367021084 59.58356898743659258
140.33865530695766211 59.63308375794440508
143.34934826754033566 62.89628983475267887
144.59521428495645523 61.24153574649244547
144.85258787777274847 61.32437259051948786
144.86612735688686371 61.92371660843491554
146.00370892696082592 62.50458674784749746
147.24937688000500202 62.01120802760124207
146.98084239009767771 60.92073660716414452
145.41141757462173700 60.56850398425012827
145.26935551594942808 60.34615078289061785

[OBSTACLE]
303.96557062119245529 59.94552951306104660
303.73209411371499300 60.89730095583945513
308.37636066228151321 62.01302151847630739
308.59414634574204683 60.80599595140665770
307.39030692819505930 60.60916862636804581
307.35975010227411985 60.77837711013853550

[OBSTACLE]
248.36067741457372904 56.60616392176598310
246.17580909188836813 57.54530793335288763
245.53147121611982584 59.82580242305994034
248.50081550143659115 58.66246051620692015

[OBSTACLE]
275.35588805563747883 52.48617169819772243
274.44301810860633850 52.84264685772359371
275.83227138034999371 56.40097643528133631
276.74514222983270884 56.04460336919873953

[OBSTACLE]
78.06953656580299139 53.56744520459324121
77.24762082006782293 54.17138724494725466
77.85156248230487108 54.99340482987463474
78.67358006257563829 54.38936095591634512

[OBSTACLE]
64.47170612215995789 45.39615378063172102
61.51562901958823204 49.45351864863187075
63.14829386491328478 50.64299543946981430
66.10437096748501062 46.58563057146966457

[OBSTACLE]
284.72977723553776741 41.89199777506291866
283.60972635634243488 43.56258032936602831
284.53849407006055117 45.51638872642070055
286.58809126261621714 45.80072810687124729
287.90392532106488943 43.65775810927152634
286.84826532658189535 41.98115422483533621

[OBSTACLE]
297.72405659873038530 40.08087388426065445
296.11849512532353401 40.36119940318167210
295.39756601490080357 41.21723278239369392
295.65533969178795815 42.95254617929458618
295.15631399862468243 43.35665620397776365
295.99662006739526987 44.50080412998795509
296.89762001018971205 43.83899752888828516
298.31528058182448149 45.44609893579035997
299.08379987627267838 44.77544874511659145
297.83325672149658203 43.35779850464314222
298.84923588391393423 41.44280749000608921

[OBSTACLE]
74.14645716454833746 40.68837434425950050
74.13324924558401108 41.20816800091415644
83.04464481770992279 41.43407470453530550
83.05774881225079298 40.91418088600039482

[OBSTACLE]
57.83784022834151983 36.05994633119553328
57.75412019435316324 36.57318546064198017
66.14755277894437313 37.94124588090926409
69.88209710922092199 40.43254475481808186
70.17434248514473438 40.00264964159578085
66.52823827788233757 37.47641841508448124

[OBSTACLE]
58.05873801838606596 37.08099729940295219
57.77067930810153484 38.47148834727704525
61.51083620171993971 39.24615615885704756
61.86026556883007288 37.87126065045595169

[OBSTACLE]
92.31687264610081911 31.93948898091912270
91.76056469883769751 32.79435105435550213
92.61542639601975679 33.35076083801686764
93.17183655779808760 32.49579693097621202
