[SCALE]
1.0

[BORDER]
161.79921221546828747 0.06353000178933144
168.58614808786660433 6.85042584314942360
168.93730314448475838 6.99594868998974562
187.97940313443541527 6.99594868998974562
187.97932032961398363 11.62120337225496769
187.66698318626731634 11.67771644797176123
187.14577237609773874 10.28462829720228910
186.82565005589276552 10.33808882720768452
187.99991764966398478 13.45798430126160383
188.49908091034740210 13.24262141436338425
188.58545183110982180 10.71721373684704304
216.83302653022110462 10.31975680589675903
221.02546524722129107 25.75450151320546865
220.15093055646866560 33.17712180502712727
219.39017771463841200 32.94026493094861507
217.96842933073639870 36.84771120548248291
217.78145196661353111 36.77695781551301479
215.19373041111975908 43.61065817810595036
215.39616919308900833 43.68734994344413280
212.83556634839624166 50.40283201821148396
208.29572649020701647 60.60544873587787151
207.01548484433442354 64.34290954377502203
206.17722410708665848 74.86448802798986435
203.75995673425495625 74.91182114183902740
203.75872709974646568 72.94936887361109257
202.73873416148126125 72.94936887361109257
202.73849951382726431 75.55499806068837643
198.35872995574027300 75.55126077029854059
198.35872322134673595 72.94937863107770681
197.33872314449399710 72.94937863107770681
197.33872314449399710 74.84938892349600792
194.65785311348736286 74.84939859993755817
199.02105905208736658 53.92169892787933350
205.55412290245294571 41.71598188579082489
206.24499150272458792 27.43617980089038610
189.14654135797172785 28.18316833302378654
188.87078214716166258 42.86787775158882141
188.49442671425640583 42.86442214623093605
188.48479938320815563 19.57935698237270117
188.17137994430959225 19.55631045997142792
188.03206314891576767 19.38686631526798010
186.92675825394690037 22.30085182469338179
187.14488409180194139 22.40991437621414661
187.65756947081536055 20.99685079697519541
187.97174382489174604 21.05204690247774124
187.97705886512994766 44.62399083096534014
187.78442415595054626 44.73320472799241543
182.30037132184952497 41.44964448362588882
181.15533839818090200 43.35155804362148046
186.82669983897358179 46.76601211354136467
187.70118061732500792 45.35237059183418751
187.97724078968167305 45.43082111049443483
187.97934248484671116 54.75173813570290804
183.32103687431663275 59.37938239425420761
177.74818522017449141 59.34388315118849277
176.57881349883973598 59.54885344952344894
174.27405511867254972 61.75499257352203131
164.43612464610487223 68.58717192988842726
164.34382549393922091 70.84685081150382757
160.83705337718129158 70.82940878719091415
160.83705337718129158 70.98556452617049217
157.98613114934414625 70.99861643929034472
154.61313618533313274 66.69832013733685017
154.00358636770397425 67.18503638543188572
156.70904519129544497 70.61567471548914909
156.60514796338975430 70.82988036517053843
154.12511836830526590 70.82945112884044647
153.90704892203211784 70.13345296867191792
152.48353426344692707 70.66603144444525242
153.03411995060741901 72.08291308302432299
154.37031617667526007 71.54863798804581165
154.20945193525403738 77.37679013703018427
152.15775479469448328 77.32704737130552530
151.90410367771983147 81.74047345202416182
152.22410595137625933 81.75203318800777197
152.37264502234756947 77.63784908782690763
154.51003616768866777 77.59994751121848822
154.51645091734826565 78.98497288860380650
152.94227424077689648 78.98483782820403576
152.97163669764995575 83.84581489581614733
154.53947954438626766 83.95795899722725153
154.54564678203314543 85.28892792295664549
153.47527404129505157 85.28883809223771095
153.50486838817596436 90.44775252696126699
153.33137253485620022 90.44987314660102129
153.48737093526870012 92.00364848691970110
154.95826551783829927 91.94932210445404053
154.94775593560189009 91.67944867536425591
156.82633846253156662 91.67944867536425591
156.82625987008213997 91.90283873304724693
158.66653357632458210 91.90283873304724693
158.67593493871390820 92.04104553628712893
160.19161870051175356 91.93774587847292423
160.08845136687159538 90.42126190848648548
158.34626337606459856 90.53999989107251167
158.34626337606459856 90.38288034033030272
156.70926326420158148 90.37605702318251133
156.70926326420158148 90.05944864451885223
155.21831635851413012 90.05944864451885223
155.22566475719213486 89.65426465217024088
163.57884582225233316 89.57569240126758814
163.24148057959973812 97.83533550240099430
125.44694789219647646 98.09907632973045111
109.83942679036408663 97.06196784693747759
109.29329613968729973 111.98332996107637882
128.03930377028882504 131.69373546354472637
128.04087717738002539 145.23688886966556311
127.30983501113951206 145.28067793697118759
127.23211401142179966 138.98750561010092497
127.40319631621241570 138.79147942829877138
127.62817148491740227 138.79691769648343325
127.65283197164535522 137.77722335141152143
107.63889925368130207 137.29317498113960028
107.63336332142353058 137.41469499748200178
107.29927755333483219 137.34805676713585854
106.33426173590123653 137.59516807645559311
105.77572450600564480 138.00944110937416553
105.71378608606755733 138.28255953360348940
97.11861056834459305 138.21179588045924902
96.46324335597455502 138.83752895705401897
96.34143111109733582 141.55030052922666073
96.96165973134338856 141.55976012349128723
96.99286133795976639 139.51399552822113037
97.76931410655379295 138.72176094632595778
109.62898684944957495 138.95260187610983849
110.32527339272201061 139.60996864363551140
110.34033179003745317 141.76379855349659920
110.96030405536293983 141.77325424272567034
110.93114371784031391 139.08969891257584095
126.78773260302841663 139.08969891257584095
126.85312967747449875 145.31062561552971601
127.49381624348461628 145.29724156111478806
127.51741852238774300 145.73025140073150396
95.98927325196564198 145.70934319961816072
95.98925866931676865 149.60512840095907450
93.67210773844271898 149.64088100381195545
93.63358014542609453 151.67929161712527275
95.98925101105123758 151.65109986066818237
95.98924323171377182 153.72936745919287205
119.32510095555335283 153.68393400311470032
119.37847829796373844 162.68167663179337978
119.63462802302092314 163.42529289796948433
120.02326269727200270 163.64718463271856308
121.57736490108072758 165.22937744576483965
122.01323893573135138 164.78829222638159990
120.45169570855796337 163.23322067223489285
119.99437178578227758 161.98961370810866356
119.94510590378195047 153.68272689264267683
125.21426312532275915 153.67246817331761122
125.21427421271800995 166.45244893804192543
124.96427427325397730 166.45244893804192543
124.96427832450717688 172.87244872748851776
125.21427826862782240 172.87244872748851776
125.21428834181278944 182.45274467114359140
122.32915553916245699 182.53937388025224209
122.32926353998482227 174.59942554496228695
111.14349593035876751 174.62539213337004185
111.14934755675494671 182.56226728204637766
110.75584105495363474 182.66142092738300562
110.75930805038660765 175.15942893829196692
87.79926330782473087 175.15937155019491911
87.79926330782473087 174.42943863105028868
82.97926321253180504 174.42944876663386822
82.97926321253180504 175.15935950353741646
82.73923321627080441 175.15935890376567841
82.73924333602190018 183.17939757183194160
136.77025135327130556 183.03331823367625475
136.76980112027376890 182.78329064976423979
142.98811315372586250 182.77192711364477873
142.98687435407191515 182.94958639796823263
143.34764449670910835 182.95436759572476149
143.41940138675272465 200.15944868419319391
137.70907350163906813 200.15945874340832233
137.70936352945864201 190.20918871648609638
73.20936344098299742 190.20937881618738174
73.20936344098299742 189.65937856957316399
72.70936319511383772 189.65938866324722767
72.70930335205048323 165.67812824156135321
76.39996583107858896 165.17937874794006348
79.70930338464677334 165.17936862632632256
79.70930338464677334 164.45936867222189903
72.43930338975042105 164.45937879476696253
72.43930338881909847 165.65942000318318605
72.21180235501378775 165.65945028513669968
72.18935485277324915 190.67883901670575142
72.36515316832810640 190.68877320550382137
72.36515316832810640 191.28531533479690552
75.92141169495880604 191.31871926039457321
78.16931333392858505 193.61365046538412571
78.16930322442203760 196.75884669832885265
78.76033931504935026 196.92781122494488955
79.74292690679430962 194.05742967780679464
79.62564123049378395 193.92755062505602837
78.89519241824746132 195.89848234038800001
78.58313779439777136 195.84357877261936665
78.56645571812987328 193.31517693027853966
76.24066901952028275 191.03848581016063690
76.33693011943250895 190.80212789587676525
136.19537242129445076 190.72919350396841764
137.23933589830994606 191.72343884129077196
137.16980663128197193 199.70475520193576813
136.76214813813567162 200.15945876203477383
136.52926340606063604 200.15945876203477383
136.52926340606063604 200.41922239027917385
136.21139289345592260 200.77378083486109972
133.25930927507579327 200.70941441133618355
133.25930119957774878 197.05958895292133093
132.83930328581482172 197.05958895292133093
132.84045229293406010 200.71470911428332329
111.18224370852112770 200.71507888194173574
111.06401253771036863 209.72346881497651339
111.38940313737839460 209.72669294197112322
111.38940313830971718 210.72926880698651075
118.65939644537866116 210.72923877835273743
118.65939434524625540 210.20923890639096498
115.34971946012228727 210.20924869086593390
111.65940341632813215 209.97570331301540136
111.65940341632813215 208.61943887546658516
122.32926036603748798 208.61945872660726309
122.32926742918789387 201.22411351464688778
132.84314235113561153 201.22919383086264133
132.85620054230093956 203.68004161305725574
133.45543399546295404 203.88221487589180470
134.40975692309439182 201.21010986808687449
137.70938626024872065 201.22924706060439348
137.70931592304259539 200.97945875953882933
143.41959546227008104 200.97944870032370090
143.41963551007211208 201.15972988493740559
150.93394283950328827 201.12895842362195253
150.95115117169916630 201.67836878634989262
151.41927568148821592 201.67884861025959253
151.43968564551323652 218.17910840548574924
160.43954061437398195 218.17936907429248095
160.37454615160822868 215.80389032792299986
170.57204882521182299 215.64550246391445398
170.56559506431221962 215.20589515380561352
160.36762376222759485 215.38392686564475298
160.43359504360705614 213.31944866571575403
168.15014336444437504 213.31944866571575403
168.15014336444437504 209.16222567856311798
174.09461583476513624 209.17826234176754951
174.20484999287873507 215.48322169855237007
184.40162717737257481 215.30602912232279778
184.48209244664758444 218.04910863284021616
190.83864362444728613 218.04930848069489002
190.83892277348786592 225.16007800679653883
184.58975436631590128 225.15960800647735596
184.50616717431694269 227.05622741486877203
174.30700008384883404 227.22679764963686466
174.31442923936992884 227.65211979951709509
183.17743068281561136 227.49922735616564751
183.20545385684818029 227.85554153844714165
180.97829692531377077 228.16876689530909061
177.58930341992527246 228.15953161660581827
177.58930342085659504 228.87956857867538929
184.85930333472788334 228.87960872892290354
184.85931309219449759 227.67960881721228361
185.10982550028711557 227.67960881721228361
185.05953951179981232 226.67368295229971409
186.12739731371402740 225.65486889518797398
191.09530218970030546 225.67962873168289661
192.13930311985313892 226.67393475025892258
192.08918308559805155 247.66550662182271481
191.09503135271370411 248.65964865405112505
171.91928331833332777 248.65952896326780319
171.91928331833332777 248.27944879140704870
171.29943845700472593 248.27944879140704870
171.29349827021360397 248.65952883847057819
160.08918549399822950 248.65945885516703129
160.03891115449368954 289.67943548876792192
198.05884016305208206 289.72966186236590147
198.10891981050372124 283.72368379402905703
199.10324328392744064 282.67965483479201794
235.10893203411251307 282.72996275965124369
235.15905060339719057 266.72396270092576742
235.49324095994234085 266.37314957939088345
239.29887303337454796 276.17579843103885651
238.86198897473514080 276.17728268261998892
238.85933708027005196 277.19955677539110184
239.69284691661596298 277.19062234833836555
242.16215028427541256 283.55098878405988216
241.99843276757746935 307.45777776744216681
197.40135988127440214 306.69593081995844841
198.11285954620689154 296.99025350250303745
151.62423717044293880 299.07905210927128792
101.96391031984239817 299.78890485782176256
101.95895465556532145 283.57345886994153261
103.00304941926151514 282.58761011064052582
108.99471747316420078 282.52919050585478544
109.98895332869142294 283.57314887642860413
109.98892335407435894 289.57914887741208076
110.99016002099961042 289.57914887741208076
110.99052984640002251 289.71797017101198435
152.01837669033557177 289.62982745654881001
152.05931055918335915 227.62342169228941202
153.05360903218388557 226.57942868489772081
159.04510552808642387 226.57945892307907343
160.08026127889752388 227.64163352828472853
160.03919378481805325 241.62945850472897291
160.64085785020142794 241.62946861423552036
160.65197000186890364 241.74006111081689596
185.05916121415793896 241.67959409207105637
185.10933617129921913 233.65960876736789942
184.85926990490406752 233.65960876736789942
184.85928336251527071 232.65960873290896416
177.58929332718253136 232.65955879818648100
177.58929332718253136 233.17955865990370512
180.89896712545305490 233.17958869226276875
184.58888084068894386 233.41314694285392761
184.60007626097649336 240.73130468558520079
183.96926322113722563 240.66066611930727959
183.96926322113722563 239.22944863513112068
178.76926342956721783 239.22959106229245663
178.76926342956721783 241.16340776067227125
176.55908105149865150 241.16255736723542213
176.55950549896806479 239.22177332732826471
175.03951562196016312 239.21650401782244444
175.03908974397927523 241.16197253484278917
174.60924321971833706 241.16180714312940836
174.60924321971833706 239.21501341555267572
173.29551449604332447 239.21047274675220251
173.29061832465231419 238.83674475643783808
174.57517322991043329 238.79863805696368217
174.52896755095571280 237.22926097270101309
172.87296370975673199 237.26100003905594349
172.98926337622106075 241.16118384059518576
168.67200457770377398 241.15952272526919842
168.67318064998835325 240.61029704473912716
170.06514987349510193 240.68081766460090876
170.06528041232377291 240.57936936244368553
171.72939270734786987 240.57944944594055414
171.66591167636215687 235.64285073615610600
170.10926310811191797 235.68915706221014261
170.10926310811191797 234.08944883570075035
169.77085484098643064 234.08944883570075035
169.67430763877928257 233.85320354253053665
169.98039498459547758 233.55286281555891037
169.58059980347752571 233.14542891923338175
169.11487934365868568 233.68101334758102894
168.68795477226376534 233.69371617864817381
168.68836401123553514 233.49685971438884735
160.54689214285463095 233.52036972064524889
160.57422572746872902 227.88385745976120234
170.78545893635600805 227.69438966736197472
170.77821454312652349 227.28566553723067045
160.57069894112646580 227.49485769867897034
160.55924163013696671 226.10954840853810310
151.54284368827939034 226.03676762618124485
151.54269817378371954 228.56665981467813253
150.67546461150050163 228.47690503299236298
150.74036562442779541 233.35701635852456093
151.54241505078971386 233.48899700772017241
151.53924389369785786 288.62209507636725903
150.98898268118500710 288.63581000827252865
151.01722695585340261 289.10774921067059040
111.01061642449349165 289.10914843808859587
111.09490414801985025 288.57248980272561312
110.50886356458067894 288.56536953989416361
110.50897358823567629 282.05914894025772810
101.48888229764997959 282.05914894025772810
101.55194215103983879 289.86574865691363811
100.30548838991671801 289.86574865691363811
99.40300446189939976 291.92437640856951475
99.05788692645728588 291.81392527092248201
98.05124906636774540 293.32388239912688732
98.29912458360195160 294.31538480706512928
93.41926336847245693 294.17916577216237783
93.41926336847245693 298.99944890663027763
100.83925951085984707 298.99944890663027763
100.84103949833661318 294.25413221120834351
101.40218978188931942 294.23607041407376528
101.48869929648935795 299.55914890673011541
100.93886339943856001 299.55914890673011541
100.93886339943856001 299.80292916670441628
92.25868359394371510 299.36294287443161011
92.25926366727799177 282.65943573042750359
80.82484079804271460 282.67420221213251352
80.81211050599813461 282.30689001828432083
81.42696397751569748 282.26501740608364344
81.29333361703902483 281.05121981538832188
77.78228387050330639 281.29042398184537888
77.81888811569660902 282.67808411736041307
77.44909896329045296 282.67856166511774063
77.44611253496259451 287.84117233008146286
75.44446351751685143 286.89599928446114063
73.47758057061582804 290.90634065959602594
73.19270444661378860 290.85182734206318855
73.13481550663709641 290.10960143152624369
72.85987259633839130 290.13104617875069380
73.81816334184259176 284.56120821181684732
73.69085039384663105 284.55948290228843689
73.61885708291083574 268.07922465354204178
94.50901836715638638 268.02902479562908411
94.53355817310512066 261.00945789273828268
62.63981337565928698 260.98025791253894567
62.63981337565928698 257.78261071443557739
62.09919923450797796 257.63517251051962376
61.06774404086172581 260.49423564691096544
61.26948453206568956 260.62828526273369789
61.75167361274361610 259.37251270748674870
62.06169887632131577 259.42911269515752792
62.07013163343071938 260.97230163123458624
39.75105028226971626 260.18068380560725927
32.44356331042945385 227.08412439282983541
23.57769448403269053 224.54665570333600044
23.54709040559828281 224.29678869154304266
26.32100797351449728 222.69931500032544136
26.44580350723117590 222.91601658333092928
27.79857091419398785 222.12416400387883186
26.97569804266095161 220.85885540861636400
26.80140453204512596 220.95894567389041185
24.17247789818793535 216.18182530626654625
24.40546434745192528 216.04927599430084229
23.65926610305905342 214.72506769746541977
23.41918554808944464 214.86035283934324980
18.06231921538710594 205.55705456621944904
18.47631980944424868 205.31865433324128389
17.71787288598716259 204.00169659499078989
17.49777320865541697 204.12055644299834967
13.26911894883960485 196.77768345829099417
13.48572423588484526 196.65292051713913679
12.57164457906037569 195.06776578165590763
14.15901292953640223 194.10408688150346279
24.83493930660188198 156.42874226067215204
1.79982971120625734 132.21395709924399853
5.21527885179966688 126.37070838827639818
0.12985281366854906 61.85798163898289204
0.00000000000000000 57.00736332405358553
20.98435538634657860 41.65517525654286146
21.15693385805934668 37.48802565876394510
21.47992241661995649 37.50692035630345345
21.68791529070585966 37.08169241435825825
18.78435774147510529 35.94529050122946501
18.62143867928534746 36.11614634096622467
20.25150669924914837 36.72006450779736042
20.19706094171851873 37.03182255569845438
17.73927745036780834 37.05397515092045069
14.43236824404448271 21.19916745088994503
24.45744943525642157 21.21423371043056250
24.41784980800002813 24.70247969776391983
30.60233751405030489 24.74483594670891762
30.69772145431488752 24.98053620848804712
30.35623212624341249 25.31561468075960875
30.84157486353069544 25.81026881560683250
30.74072223994880915 25.91571646835654974
31.11522642336785793 26.32271877676248550
31.52230475563555956 25.92328296042978764
31.35595736559480429 25.75374875403940678
31.88165939692407846 25.23791584838181734
31.47566236555576324 24.73718952015042305
31.46817737817764282 24.31137738935649395
35.74799366388469934 20.11688948143273592
35.92353677004575729 20.26651610527187586
36.20396379195153713 19.96061256527900696
47.57955008279532194 20.12496508006006479
48.74937242176383734 23.45537763927131891
49.22123074997216463 23.20792385004460812
49.24858042225241661 20.07361535448580980
49.56739567965269089 19.82916577067226171
49.77926340047270060 19.93369573727250099
49.77926340047270060 22.85644865222275257
50.02926334273070097 22.85644865222275257
50.02926334273070097 29.23644877877086401
49.77927037328481674 29.23644877877086401
49.77558979392051697 34.51310459803789854
39.88746792264282703 35.07934076245874166
35.79607493802905083 40.87094754632562399
29.01926313340663910 40.86945096217095852
29.01926313340663910 38.16944891307502985
28.88674105424433947 38.16944891307502985
28.80278329644352198 37.55835150275379419
34.31941597070544958 37.60430696792900562
34.40402766969054937 37.71819422207772732
39.25878758635371923 32.98289262130856514
49.14423170872032642 33.08945647533982992
49.16560147702693939 29.58202697988599539
48.74767961073666811 29.37758792843669653
48.06014936696738005 31.14353626314550638
47.75051866006106138 31.08567769546061754
47.74714508373290300 29.21763052884489298
45.70215507782995701 29.22136711515486240
45.70591142587363720 31.30136704724282026
48.00033387262374163 31.29717469960451126
47.61553214769810438 32.28555299248546362
47.81840638536959887 32.41919954400509596
48.38191089872270823 30.91239784564822912
48.69282723125070333 30.96685321908444166
48.71215000282973051 32.70780828129500151
38.82105134520679712 32.57124712783843279
38.87505573406815529 32.71452588681131601
34.42512090411037207 37.14645131397992373
29.37685842812061310 37.11915891338139772
29.32197307329624891 36.80660311784595251
30.78373304102569818 36.26793567184358835
30.70602153427898884 35.95425211265683174
27.59893353842198849 37.11602084524929523
27.84586506523191929 37.34063609782606363
27.84405739046633244 37.55036498326808214
28.47623136267066002 37.55563121102750301
28.58210235647857189 37.75664379354566336
28.29695295728743076 38.17983784247189760
28.49926324933767319 38.12406215630471706
28.49926324933767319 41.26992806419730186
28.29976531863212585 41.27972718887031078
28.29936053231358528 41.60242864675819874
28.58764049038290977 41.60014189966022968
28.52280336059629917 41.38944863993674517
35.17850971594452858 41.38944863993674517
35.28480695933103561 41.59468715824186802
32.82054527569562197 45.08297478687018156
37.91926315892487764 48.56712732743471861
37.91926315892487764 48.87944867368787527
38.37636292260140181 48.87944867368787527
43.46257682144641876 52.35503119230270386
48.18569359462708235 41.05271450243890285
50.14165275637060404 39.08825661521404982
50.22846290282905102 39.20294236205518246
50.46194451674818993 38.76419037580490112
50.29221311770379543 38.82865373138338327
50.29221311770379543 36.01195402350276709
50.94657514430582523 34.44605159573256969
50.29475241433829069 34.48335942253470421
50.29925467260181904 29.25644877832382917
50.54926322586834431 29.25644877832382917
50.54926322586834431 22.83644865266978741
50.29926328361034393 22.83644865266978741
50.29926328267902136 19.64940842613577843
50.64146621245890856 19.12190293520689011
50.50139350723475218 18.98175091389566660
59.57418057043105364 9.90898367203772068
59.72327918373048306 10.03347906190901995
59.88794630207121372 9.68855346832424402
59.59934042859822512 9.62074420601129532
59.68347714934498072 0.94051512330770493
63.02794746030122042 0.92915204167366028
96.81388738751411438 7.42510409560054541
97.47851678822189569 8.85128604620695114
97.40368053410202265 13.40396147407591343
99.03920126520097256 13.43436455447226763
99.03762560710310936 20.69849299639463425
97.42718643881380558 20.65779896639287472
97.39423710759729147 22.02955990936607122
80.90076464042067528 20.90331794694066048
62.97051516640931368 22.51806647423654795
64.48431011103093624 31.05879618786275387
65.95506886951625347 32.90338749252259731
83.48943074885755777 34.24489157833158970
88.67593742813915014 40.63411801680922508
103.30566148087382317 49.91821949649602175
110.65064570121467113 43.42877053469419479
110.91888994257897139 43.69729481637477875
111.95500548649579287 42.66108943521976471
116.95641410164535046 47.65975055750459433
115.91659320332109928 48.69954655971378088
118.15024825464934111 50.93462569266557693
117.89351022802293301 51.20310786273330450
116.81366668548434973 50.21638885792344809
115.43660695571452379 51.69322076346725225
117.02621379680931568 53.26986494008451700
113.77065101917833090 56.52544893044978380
123.31683698575943708 66.07167090009897947
122.97062240820378065 66.44615800213068724
123.29648218955844641 66.79974553734064102
117.27079447824507952 72.82423809077590704
120.11335924360901117 75.66680082678794861
126.69431706983596087 69.08587323501706123
128.98732990492135286 71.13034241367131472
128.89407472219318151 71.37503489758819342
127.56010697502642870 71.37493235804140568
127.77052510622888803 70.58534091617912054
126.20553436689078808 70.16828201897442341
125.72651078738272190 71.71449607331305742
127.63293661177158356 72.22568517830222845
127.63286153320223093 73.20225465949624777
126.21761978510767221 72.81832473911345005
126.13341526221483946 73.13566089328378439
125.86178801674395800 73.15417139418423176
125.53488998673856258 72.37107845395803452
124.04011733643710613 72.99505954608321190
124.66356674302369356 74.58550608716905117
125.64536448009312153 74.11276793479919434
125.83299189992249012 74.26784881111234426
125.39176264498382807 75.93067945446819067
126.86101400479674339 76.32054376322776079
127.30007475148886442 74.59947102144360542
127.63275090232491493 74.64124949369579554
127.63177038636058569 87.39496793691068888
129.22926311939954758 87.39508234523236752
129.22926321998238564 88.23924621660262346
130.08596152067184448 88.25414629839360714
130.08584643900394440 89.65429409686475992
136.52258055750280619 89.67664394248276949
136.52134056482464075 89.56979846861213446
138.25320987217128277 89.64002141170203686
138.25723958667367697 87.85575638338923454
138.37861081678420305 87.86096736229956150
138.38227547984570265 71.78494969848543406
137.24926337786018848 71.78485952876508236
137.24926337786018848 71.01942888926714659
135.90061702765524387 71.01942888926714659
135.89924874156713486 70.07945882435888052
130.47926326561719179 70.07945882435888052
130.33654683455824852 70.24697376042604446
130.47926326561719179 70.30008414480835199
130.47926326561719179 71.01942888926714659
129.82400267850607634 71.01942888926714659
129.72247209865599871 70.79754196200519800
130.21092179697006941 70.23215485364198685
127.77055469062179327 68.00964055955410004
129.35525357164442539 66.42494895774871111
127.67304912209510803 64.74273785017430782
128.63566397037357092 63.81652778014540672
123.06040250509977341 58.33261702209711075
122.16910108178853989 59.23876801505684853
121.87855476140975952 58.94822055380791426
126.69253860879689455 54.10752677172422409
124.98725797794759274 52.40819194633513689
125.14800715446472168 52.24744298309087753
118.75311881117522717 45.86301273200660944
117.50586394779384136 47.11020433902740479
112.50774323847144842 42.10835175029933453
113.75758464913815260 40.85863044764846563
111.59164003934711218 38.64207463990896940
114.46920239459723234 34.19628699868917465
113.83237077482044697 33.78414962626993656
115.69392008986324072 31.59815972298383713
114.88504978083074093 30.88283551950007677
111.05645579844713211 35.20888202358037233
110.84033249504864216 35.16361417621374130
110.54426930472254753 34.24421735294163227
108.89032978098839521 34.80505828559398651
108.72505442239344120 34.58512835483998060
109.60525554791092873 33.32256449200212955
108.76852933410555124 32.73922685254365206
108.44538210891187191 33.20270635653287172
104.32201154902577400 29.85681634489446878
104.42702325060963631 29.61077321693301201
104.15921372734010220 27.39999596122652292
108.33180057816207409 27.93113136384636164
108.61212590243667364 25.72889167163521051
102.04511592350900173 24.89296623598784208
101.76479059923440218 27.09520592726767063
103.64748383779078722 27.33485702704638243
103.64647357445210218 27.67056759726256132
103.17150346376001835 27.72812451329082251
103.41442851163446903 29.73347918502986431
104.06884984113276005 29.65417657792568207
104.19412207417190075 29.87281837407499552
103.81643759366124868 30.36882033199071884
108.00050164759159088 33.84087255224585533
107.48943807836622000 34.57396487984806299
101.29668453428894281 28.39608096145093441
101.44598574750125408 20.75429072789847851
99.94615633971989155 20.71828437689691782
99.89631384331732988 13.46439641248434782
101.38167028967291117 13.50048884190618992
101.41769107617437840 12.00095498282462358
101.96337251737713814 12.01236328855156898
101.95782919414341450 11.65415755566209555
111.96669535897672176 11.66284871846437454
116.00275778025388718 11.82712325453758240
115.99519520811736584 12.19938481319695711
112.96918278560042381 12.19954942446202040
112.96934366878122091 15.21954939980059862
116.64926519896835089 15.21934920549392700
116.64925712533295155 19.76944874320179224
134.01926098857074976 19.76944874320179224
134.01926711760461330 29.69944877550005913
141.63926339242607355 29.69944877550005913
141.63926339149475098 22.50623847171664238
143.75357173569500446 22.52444889675825834
143.79421223420649767 21.95786307193338871
143.21854024659842253 21.92387622781097889
143.19036234822124243 22.40912658348679543
142.82012505643069744 22.39708675723522902
142.83314008638262749 20.54097454994916916
141.63926339149475098 20.47691771481186152
141.63926339242607355 18.77944868709892035
135.51337598636746407 18.77944868709892035
135.42817470524460077 17.06035778671503067
134.61669125314801931 17.10124997980892658
134.61936255730688572 13.57453471608459949
135.14083151798695326 13.77396087441593409
135.78505023103207350 12.08952626585960388
136.00836548954248428 12.05921591073274612
136.32165575679391623 12.48433140199631453
141.65088593587279320 8.55706657283008099
140.33388122264295816 6.76986595522612333
137.64982660394161940 8.74785477574914694
137.42006223089993000 8.47996638994663954
145.88429878093302250 0.05978217720985413
146.53926333878189325 0.00039654131978750
146.53926333878189325 7.79944889061152935
160.64254382252693176 7.79944889061152935
160.61085631605237722 0.00000000000000000

[OBSTACLE]
224.30926322564482689 302.50846111681312323
224.30926322564482689 304.53020676877349615
224.72715010493993759 304.49964350555092096
224.72573677729815245 302.54774723295122385

[OBSTACLE]
208.72926461882889271 302.50863516796380281
208.31847640965133905 302.54079774580895901
208.30921546183526516 304.52968769893050194
208.72904229909181595 304.51981634646654129

[OBSTACLE]
238.85926340706646442 303.37944882549345493
238.85926340706646442 304.39944892935454845
239.87926317472010851 304.39944892935454845
239.87926317472010851 303.37944882549345493

[OBSTACLE]
213.91411324962973595 301.42045335285365582
211.83190782275050879 302.83991902507841587
212.74441341590136290 304.17844424955546856
214.82661884278059006 302.75897857639938593

[OBSTACLE]
229.60926320403814316 303.00944869685918093
229.60926320403814316 304.02905714139342308
230.62764710467308760 304.06975580286234617
230.62927870731800795 303.00944869685918093

[OBSTACLE]
202.40926334168761969 303.00944869685918093
202.40926334168761969 304.02944879978895187
203.42926310840994120 304.02944879978895187
203.42926310840994120 303.00944869685918093

[OBSTACLE]
214.93927088472992182 296.96944879647344351
214.93533557746559381 302.06951002590358257
219.95926335360854864 301.98929024208337069
219.95926335360854864 296.96944879647344351

[OBSTACLE]
227.18926335033029318 296.96944879647344351
227.18926335033029318 301.98939912207424641
232.22509496938437223 302.01439856272190809
232.20923180133104324 296.96944879647344351

[OBSTACLE]
206.36926332581788301 296.96942296251654625
201.34929348528385162 296.98237440735101700
201.34926308318972588 301.98944864235818386
206.36926332581788301 301.98944864235818386

[OBSTACLE]
207.45926337782293558 299.83944868016988039
207.45926337782293558 301.85944888740777969
210.67926343996077776 301.85944888740777969
210.67926343996077776 299.83944868016988039

[OBSTACLE]
238.35926318727433681 298.07944884710013866
238.35926318727433681 298.49944868683815002
240.37926339451223612 298.49944868683815002
240.37926339451223612 298.07944884710013866

[OBSTACLE]
115.66926323901861906 293.32944894302636385
115.66926323901861906 298.34944878891110420
120.68926342111080885 298.34944878891110420
120.68926342111080885 293.32944894302636385

[OBSTACLE]
150.06926324404776096 292.90944895986467600
150.06926324404776096 295.20944896340370178
148.73926329798996449 295.20944896340370178
148.73926329798996449 296.22944873012602329
150.06926324404776096 296.22944873012602329
150.06926324404776096 297.92944880574941635
155.08926342613995075 297.92944880574941635
155.08926342613995075 292.90944895986467600

[OBSTACLE]
127.43925526738166809 294.70944874361157417
127.44087152276188135 296.71231107413768768
127.85699492227286100 296.75338309258222580
127.85927433799952269 294.70944874361157417

[OBSTACLE]
143.43926331959664822 294.70846102014183998
143.43926331959664822 296.73043667338788509
143.85573336482048035 296.69114988669753075
143.85573336482048035 294.74774780683219433

[OBSTACLE]
121.53926343470811844 295.20944896340370178
121.53926343470811844 296.22944873012602329
122.55926320143043995 296.22944873012602329
122.55926320143043995 295.20944896340370178

[OBSTACLE]
238.38708466012030840 282.08203120529651642
238.33981216512620449 282.57134636677801609
240.38065537065267563 282.49905498884618282
240.32848237548023462 282.08576567471027374

[OBSTACLE]
24.35970496758818626 94.28787486441433430
17.01462497469037771 98.51622345484793186
26.30526596400886774 119.85084204655140638
31.53722127620130777 120.08331670891493559
36.85962354764342308 141.71492679230868816
42.45509110111743212 169.33988695871084929
50.52863937430083752 174.72792187705636024
49.94436620268970728 171.03067943453788757
50.31042667012661695 170.96374009083956480
51.05415012780576944 174.59919375274330378
63.50700562261044979 173.52987356577068567
63.55810740962624550 181.92700449842959642
63.38146291486918926 184.93043397646397352
63.41816526744514704 205.53161601349711418
63.13662371039390564 205.52929668501019478
63.13461996335536242 205.75165213365107775
54.47079674433916807 205.09704616945236921
54.20210763718932867 204.52665891777724028
53.98166983667761087 204.65138225443661213
49.80818355735391378 197.28001645952463150
50.02794354502111673 197.15567629225552082
49.49648052267730236 196.21698358561843634
49.65030663646757603 196.12385999318212271
43.48344505485147238 185.09639558196067810
43.25001238007098436 185.21973290480673313
40.65054753329604864 180.39427872840315104
40.87511607445776463 180.26754602137953043
40.76244065258651972 180.06567642837762833
48.11762616876512766 175.90418307110667229
48.20438746176660061 176.06547711230814457
49.57861969247460365 175.34351214580237865
48.83037982974201441 174.02193233743309975
47.50765911582857370 174.77031561452895403
47.63480953965336084 175.00667467527091503
40.27495182584971189 179.19230311829596758
40.13922012504190207 178.94914173614233732
38.80384379066526890 179.69480457995086908
39.59425023663789034 180.99036799836903811
39.75147973839193583 180.90164236258715391
42.34471489954739809 185.69804336689412594
42.11301374528557062 185.82046168670058250
42.84876904357224703 187.14889958314597607
43.09103555325418711 187.01479853410273790
48.34714832901954651 196.36208673287183046
47.95694290753453970 196.58286110591143370
48.70503668393939734 197.90416542720049620
48.92044658400118351 197.78228545282036066
53.09393285773694515 205.15365123655647039
52.87852291949093342 205.27553123421967030
53.62683091592043638 206.59721357375383377
54.38428825978189707 206.12499486748129129
60.69659137912094593 206.59733167476952076
60.73781806509941816 208.80875546205788851
62.74429361894726753 208.80942217912524939
62.74425067193806171 207.04470139555633068
63.63940314482897520 207.05208673886954784
63.63940314482897520 207.17939892597496510
67.36928332410752773 207.17939892597496510
67.36927329842001200 210.05944865290075541
67.11927333846688271 210.05944865290075541
67.11926321405917406 216.47944877855479717
67.36926314048469067 216.47944877855479717
67.36925338301807642 219.67944884207099676
67.88925326429307461 219.67944884207099676
67.88926342222839594 216.45944877900183201
67.63926312886178493 216.45944877900183201
67.63927319552749395 210.07511624693870544
67.88900245632976294 210.07095364946871996
67.88925243075937033 207.17939889617264271
100.13919675070792437 207.17930878046900034
100.13939694594591856 207.72929873503744602
100.63939321041107178 207.72929873503744602
100.63941339682787657 218.22929871175438166
102.13939964398741722 218.22928895335644484
102.12989686150103807 225.15971823874861002
101.73927306104451418 225.15969838947057724
101.68857334926724434 276.17804836481809616
139.75931596942245960 276.17974939011037350
139.68578035570681095 262.16185405198484659
133.63033179938793182 262.21934334840625525
133.87948906049132347 259.72770971432328224
132.12593088671565056 255.97010244335979223
129.76258775591850281 255.71868277341127396
129.62995527032762766 256.07575659174472094
129.31757167726755142 256.02010547183454037
129.31220280565321445 254.25844793301075697
115.20598249509930611 254.25944964773952961
115.21022064983844757 255.30260281451046467
114.38348699081689119 255.15549185499548912
114.13492887746542692 256.38523820787668228
113.86655887030065060 256.42118956055492163
111.63062700442969799 251.97298300825059414
110.78373303171247244 252.39867480099201202
110.83923389669507742 233.70936138741672039
115.23892293870449066 233.67068111337721348
115.23927249573171139 225.89278053026646376
139.64231662638485432 225.95179213490337133
139.65965166594833136 225.45958867110311985
110.78424003906548023 225.45958867110311985
110.75844000559300184 225.15969882719218731
102.94926341716200113 225.15975871030241251
102.94926341716200113 218.22928886674344540
111.65942473709583282 218.22926867939531803
111.65786491241306067 216.87958892155438662
134.00575235765427351 216.86948235332965851
133.99268624838441610 216.41382471378892660
134.23190522659569979 216.31261102110147476
134.41071697231382132 216.49633326847106218
134.83257578220218420 216.11354692187160254
134.43255605641752481 215.70588560681790113
133.97296303138136864 216.22667656093835831
133.25930929649621248 216.24858937133103609
133.25930929649621248 207.00999287888407707
134.76922911033034325 207.06984291132539511
134.76922911033034325 206.54943879693746567
128.99922943953424692 206.54943879693746567
128.99922943953424692 207.06944434624165297
132.84786451328545809 207.06726438924670219
132.90925058908760548 216.45958520937711000
111.65817982703447342 216.46267101820558310
111.65939868334680796 215.72801040206104517
115.35008578654378653 215.22924887202680111
118.65940919052809477 215.22923875041306019
118.65940919052809477 214.50922866072505713
111.38941323198378086 214.50926881097257137
111.38941323291510344 215.70926894806325436
111.13941329065710306 215.70926894806325436
111.13941329065710306 216.46321210823953152
107.05809979792684317 216.38366959057748318
107.03891898877918720 216.87958892155438662
110.66487112827599049 216.87958892155438662
110.76357561908662319 217.10989981517195702
110.14515301492065191 217.75924186129122972
102.15343954320997000 217.70931362640112638
101.10944626200944185 216.71504420414566994
101.18939020764082670 206.26957877539098263
78.51942547224462032 206.26957877539098263
78.58943556342273951 199.99957874044775963
78.16920005343854427 199.99957874044775963
78.23999968823045492 206.28395765554159880
65.70922773331403732 206.27016216609627008
65.73166314791887999 148.94681237917393446
65.95884430967271328 146.67935754824429750
85.18616678193211555 146.62149930465966463
86.23928456287831068 147.67352827824652195
86.28922025766223669 152.66509313881397247
85.24526324216276407 153.65934207290410995
72.23928405717015266 153.65938213001936674
72.22675238177180290 159.67948204372078180
72.43928320147097111 159.67943782452493906
72.43928320147097111 160.67938386276364326
79.70928319729864597 160.67936463188380003
79.70928319729864597 160.15936474315822124
76.39959953818470240 160.15937486663460732
72.70928416028618813 159.92581884283572435
72.70926333125680685 154.67938146926462650
73.25926336646080017 154.67937810532748699
73.25926336646080017 154.17933192476630211
86.75663998629897833 154.11661561019718647
86.75924667902290821 146.15934155881404877
66.01089541241526604 146.15981560479849577
66.12812941148877144 144.98969579115509987
66.80941485799849033 144.98969579115509987
66.72066472563892603 139.08647315390408039
75.87397728208452463 139.09030466713011265
75.83488935977220535 141.78432996850460768
76.45461149699985981 141.79410245083272457
76.52801895793527365 139.65078633464872837
77.26147183123975992 139.01010070834308863
83.22211467195302248 139.13993060216307640
83.86599372792989016 139.87455305177718401
83.83388967718929052 141.91090548411011696
84.45331263542175293 141.89307218790054321
84.42619545478373766 139.22551640681922436
83.79960158001631498 138.50466883927583694
78.66720089968293905 138.42561004124581814
78.57235911674797535 138.19298744015395641
78.91793107520788908 137.84445220418274403
77.22931564319878817 136.18246034719049931
76.30855894833803177 135.77864287421107292
67.05274316761642694 135.76092993747442961
68.68248572666198015 119.49422578886151314
50.74935862049460411 120.59719141293317080

[OBSTACLE]
139.04367158468812704 254.45555774588137865
138.03736794739961624 257.27320752106606960
138.23196985013782978 257.41581262461841106
138.92481651902198792 255.49741832539439201
139.23929486423730850 255.55246646422892809
139.23930320516228676 261.27954891696572304
139.65929384436458349 261.27954891696572304
139.65891288779675961 254.59487492870539427

[OBSTACLE]
141.12064562644809484 260.04547509457916021
140.66103149764239788 260.56628751847893000
140.10565120913088322 260.58336092066019773
140.12310107983648777 261.15162486955523491
140.68240169808268547 261.22057172562927008
140.67745499406009912 260.74533507041633129
140.91524033714085817 260.64727596659213305
141.09877073392271996 260.83584194071590900
141.52066476736217737 260.45316868182271719

[OBSTACLE]
60.30926335975527763 212.62944874167442322
60.30926335975527763 212.86598630249500275
59.44358708895742893 212.90635229647159576
58.76208531111478806 213.50278226472437382
58.42353199608623981 217.90969890169799328
53.36925590038299561 217.90969890169799328
53.36884576920419931 219.49005692265927792
46.39624170865863562 219.45387692842632532
46.31501767784357071 248.24389091320335865
53.37343418132513762 248.93808154389262199
53.36923220101743937 250.92969124671071768
62.19472280703485012 250.93648943211883307
62.08395641576498747 254.60004493407905102
62.63981337659060955 254.60025236848741770
62.63981337659060955 251.54882976599037647
83.26563595607876778 251.50953199621289968
83.32275362126529217 251.82175396103411913
81.93070302531123161 252.34568091109395027
81.98463281802833080 252.66545375995337963
85.08002948667854071 251.56773553416132927
84.88650827482342720 250.98646250553429127
73.91926338709890842 250.91971949860453606
73.91926338709890842 240.01965873967856169
73.20926317572593689 240.01965873967856169
73.20926317572593689 234.24944140110164881
66.80926319304853678 234.24944045767188072
66.80926319397985935 240.01965873967856169
66.31929923873394728 240.01965873967856169
66.37011210247874260 220.50670191179960966
66.60867576394230127 220.61988156009465456
76.22729440592229366 220.65142265800386667
76.21535611059516668 220.20395908504724503
73.47731851227581501 219.06973535660654306
73.36725992895662785 219.28805877175182104
75.13829176407307386 219.85759312380105257
75.08771983813494444 220.17886861506849527
66.34866507444530725 220.16909024585038424
66.38943538442254066 217.90969890169799328
59.05566274654120207 217.90969890169799328
59.26832876075059175 214.19885407760739326
60.11907905340194702 213.39944890327751637
60.82926324289292097 213.39944890327751637
60.82926324289292097 212.62944874167442322

[OBSTACLE]
85.50763039570301771 219.01042062882333994
82.31561252009123564 220.14911149255931377
82.53029221389442682 220.67206742148846388
88.87817453593015671 220.66405570693314075
94.04075976088643074 228.57011897582560778
93.93298141006380320 228.76921891327947378
86.57924962695688009 228.76921891327947378
86.56925684493035078 244.46943865995854139
94.20448910538107157 244.46943865995854139
94.23875066917389631 250.97028802242130041
91.21583729516714811 250.98514509946107864
91.19764395151287317 251.30270348303020000
91.03111119475215673 251.44170264806598425
93.95223733596503735 252.54321194812655449
93.95325516350567341 252.32119721546769142
92.51671035960316658 251.78549111727625132
92.56796254217624664 251.47663027886301279
94.69015941489487886 251.41707076877355576
94.58130897954106331 228.40872448589652777
89.09156992565840483 220.15803257841616869
84.18607829697430134 220.14538475964218378
84.13045518379658461 219.83277259394526482
85.49103713408112526 219.32878033816814423

[OBSTACLE]
116.89045444503426552 251.35944866761565208
119.59798517078161240 252.07944863848388195
128.60074836015701294 252.07944863848388195
130.90788238123059273 251.35944866761565208

[OBSTACLE]
139.04208446852862835 228.85909339133650064
138.02279803715646267 231.67319044284522533
138.26591757964342833 231.70538727473467588
138.92519408278167248 229.89091026410460472
139.23931173514574766 229.94620815012603998
139.23930319119244814 251.34958892315626144
139.65934246964752674 251.34958892315626144
139.65735914371907711 228.94238812103867531

[OBSTACLE]
189.26258237566798925 242.21708682645112276
187.34537375532090664 245.53780071437358856
191.20225980505347252 245.55747824721038342

[OBSTACLE]
104.67926334682852030 167.92944891192018986
104.67926334682852030 174.54944879002869129
106.89926330558955669 174.54944879002869129
106.89926330558955669 167.92944891192018986

[OBSTACLE]
95.47081796359270811 167.29589193034917116
93.29617654625326395 167.74234406277537346
94.62748874165117741 174.22709561511874199
96.80213015805929899 173.78064348269253969

[OBSTACLE]
99.18720292393118143 167.27187847904860973
96.96519219409674406 167.40185493417084217
97.17977036070078611 174.01008074823766947
99.42278625443577766 173.88772958703339100

[OBSTACLE]
91.93927328195422888 151.44945087563246489
91.93927328195422888 151.96874013356864452
92.70513496082276106 152.02524593472480774
92.70934651792049408 151.44945087563246489

[OBSTACLE]
67.73139533866196871 147.34012389369308949
66.48304730746895075 148.66451970301568508
68.53513097856193781 150.59877479169517756
69.78347934782505035 149.27437796723097563

[OBSTACLE]
54.77266990859061480 84.23248880542814732
58.06248559523373842 93.68550628703087568
81.67893047258257866 110.91372063755989075
84.75461925379931927 85.39394616894423962

[OBSTACLE]
10.33204221166670322 104.99100765772163868
5.74971665721386671 108.01655340287834406
10.05039230920374393 109.11971114575862885

[OBSTACLE]
51.13935159239917994 84.41886403784155846
40.71997858770191669 87.68733044061809778
43.00071485992521048 94.95799355953931808
46.19499269500374794 93.95598054490983486
48.96377004124224186 97.01327482424676418
50.10596860013902187 93.35291030816733837
47.52722138632088900 93.91882573347538710
47.43373486958444118 93.56739951204508543
53.42009798251092434 91.68953726813197136

[OBSTACLE]
140.13931351527571678 86.66934863012284040
140.13918296340852976 94.28934861067682505
151.05918305180966854 94.28953905962407589
151.05931360367685556 86.66953907720744610

[OBSTACLE]
151.74994983244687319 86.01605386566370726
151.51657815743237734 92.47964049316942692
153.48599793016910553 93.56738248188048601
159.98993896972388029 93.50783726852387190
162.87015816755592823 90.19214979652315378
162.60127225890755653 90.03659617900848389
159.82681360282003880 93.19016480818390846
153.62918125651776791 93.28102111257612705
151.84317947644740343 92.29960883688181639
152.09891964867711067 86.08227355871349573

[OBSTACLE]
16.22114728949964046 81.55502908583730459
14.93454876169562340 87.13206918537616730
16.06467930693179369 87.43488865159451962
17.35127783473581076 81.85784855298697948

[OBSTACLE]
151.92964078579097986 82.64997093565762043
149.16758513171225786 84.30510131735354662
149.94889573566615582 85.60892662312835455
152.76549635641276836 83.92110458575189114

[OBSTACLE]
151.74911728501319885 72.75067979842424393
148.16997417900711298 78.31971476413309574
150.03753922600299120 79.51997775584459305
153.61668236181139946 73.95093296095728874

[OBSTACLE]
126.79877784289419651 77.49828626215457916
125.29810809809714556 77.73993568122386932
125.53974865190684795 79.24060133099555969
127.04041839763522148 78.99896179977804422

[OBSTACLE]
19.95316306781023741 60.23578629922121763
14.25462738052010536 61.61814055778086185
10.52795039117336273 64.39101753197610378
10.71466602105647326 67.43423825409263372
19.14681424293667078 78.64938803855329752
26.57074028439819813 79.16564829461276531
30.95937053114175797 67.02941756229847670

[OBSTACLE]
36.40082623530179262 73.15272388607263565
36.50252154842019081 77.50432902574539185
40.48025339841842651 76.84297348652034998

[OBSTACLE]
58.25244167353957891 49.77715892717242241
50.31669705919921398 52.53267289511859417
45.04960704408586025 65.21924295555800200
56.86871800664812326 68.45952043496072292
85.87394262198358774 74.38440128322690725
88.81080220639705658 64.28194543346762657

[OBSTACLE]
154.11177201848477125 60.27766366116702557
150.98453827481716871 61.04503014031797647
151.34678445383906364 62.52124376688152552
154.47400831338018179 61.75387764256447554

[OBSTACLE]
158.04389559105038643 58.21604024711996317
157.95002065505832434 61.99113302025943995
158.57029656879603863 61.98907557595521212
158.55795351136475801 58.27012244053184986

[OBSTACLE]
158.58492950629442930 50.10414354596287012
158.58257288020104170 50.21957635413855314
154.94704703427851200 50.26726149860769510
154.86778913065791130 50.80734542850404978
158.04724709037691355 50.80824591126292944
158.05788750201463699 53.94276231713593006
158.62330828141421080 53.93917063903063536
158.65376016963273287 54.96257392596453428
159.25229232013225555 54.89613035880029202
159.25175240356475115 61.29495798610150814
160.67184530664235353 61.29507982637733221
160.61299193464219570 54.87617794889956713
159.43350518215447664 54.87510775588452816
159.43367065116763115 53.99271998181939125
160.95555487088859081 53.91620204504579306
160.96609379444271326 54.04430590290576220
161.98349055089056492 53.98963381443172693
162.05759399477392435 51.91440727654844522
160.07337503693997860 51.90911690145730972
160.07638003118336201 50.13505414500832558

[OBSTACLE]
143.00339322909712791 54.32945878710597754
143.00339322909712791 54.74265755433589220
142.40419023856520653 54.43764457199722528
142.09311144892126322 55.08886775467544794
142.28272293787449598 55.14919188991189003
141.71240048389881849 55.75505821686238050
141.04152693320065737 54.66556837595999241
135.42980456817895174 58.17752709798514843
136.60753248631954193 60.05940810032188892
141.89521731622517109 56.73504555784165859
142.09038884285837412 56.84059165325015783
142.10582692362368107 57.69543034583330154
142.97520585451275110 57.72133229672908783
142.96907698269933462 58.04988630209118128
143.32202344294637442 58.03537818975746632
143.32202344294637442 59.43495863210409880
156.14202335849404335 59.43495863210409880
156.14202335849404335 58.01495868898928165
149.89039564784616232 58.01495868898928165
149.94155430886894464 57.53494090493768454
143.55515317711979151 57.52790969051420689
143.55515317711979151 54.32945878710597754

[OBSTACLE]
176.74257607758045197 57.23850639071315527
176.68593115452677011 58.01575932279229164
182.13636929914355278 58.18040632084012032
182.15972809772938490 57.40075281355530024

[OBSTACLE]
182.72142238356173038 56.49831466190516949
182.68387749977409840 58.01379205752164125
184.20360728166997433 58.04479067493230104
184.23460555914789438 56.52507759630680084

[OBSTACLE]
38.85196991451084614 54.87999339774250984
33.46132795792073011 55.44335241802036762
33.67127687204629183 57.45240390952676535
39.06191848218441010 56.88905535824596882

[OBSTACLE]
156.63927878346294165 55.60059912130236626
155.12042368017137051 55.65944355446845293
155.17925788555294275 57.17829831968992949
156.69812287669628859 57.11946411430835724

[OBSTACLE]
154.40902766771614552 55.49463908094912767
149.03179441764950752 56.17041371297091246
149.12903741374611855 56.94423198513686657
154.55208208505064249 56.31034191977232695

[OBSTACLE]
147.43238996993750334 55.29972322471439838
144.18545946851372719 55.35941432602703571
144.21364033222198486 56.87915232870727777
147.43290650285780430 56.81947496812790632

[OBSTACLE]
157.23756876774132252 51.64860609825700521
155.71927330084145069 51.69978021830320358
155.71927330084145069 54.06646285858005285
154.41224345657974482 54.02453344501554966
154.48648363258689642 53.54429354052990675
151.30428840871900320 53.05243870988488197
151.07206267863512039 54.55455363728106022
154.25425799749791622 55.04649921879172325
155.61556043196469545 55.06994440592825413
155.73407067917287350 54.91951858252286911
157.23896772135049105 54.94105313066393137

[OBSTACLE]
144.79584215581417084 53.70368008688092232
143.79276381991803646 53.89304875954985619
144.05435355659574270 54.87681066524237394
144.97015251126140356 54.64675069041550159

[OBSTACLE]
147.01090599410235882 52.49830381479114294
146.74106829520314932 54.19701629318296909
149.40764079894870520 54.62059364002197981
149.67747813090682030 52.92184115760028362

[OBSTACLE]
180.71027514617890120 51.42348817829042673
180.61459153424948454 53.64140844251960516
187.22840426024049520 53.92675890401005745
187.33147200476378202 51.73482948541641235

[OBSTACLE]
143.09691326227039099 49.83491110987961292
139.23673777375370264 49.88768429029732943
141.19375448208302259 53.21780600678175688

[OBSTACLE]
31.73977949656546116 51.89944893587380648
31.68580831494182348 52.91722704842686653
32.75609161145985126 52.86013119760900736
32.75929678697139025 51.89944893587380648

[OBSTACLE]
38.90001197718083858 52.22781975753605366
38.48667165171355009 52.55122259911149740
39.09846862312406301 52.75515469443053007

[OBSTACLE]
161.86021011322736740 44.46578734833747149
159.79357174783945084 45.27659175917506218
162.21135627757757902 51.43931019771844149
164.27799464389681816 50.62850578781217337

[OBSTACLE]
36.72714771889150143 50.41131924185901880
36.47552609443664551 50.94073584116995335
37.04667888209223747 50.79378808941692114

[OBSTACLE]
181.12135811336338520 47.09750667028129101
180.63660091068595648 49.26392386388033628
187.09686844702810049 50.70949119701981544
187.58161533996462822 48.54297372885048389

[OBSTACLE]
132.18926324415951967 40.53944891411811113
132.18926324509084225 49.25944870617240667
142.80926320143043995 49.25944870617240667
142.80926320143043995 47.96932960860431194
144.55202334467321634 48.20012290682643652
144.55202334560453892 49.83494868502020836
147.49346191529184580 49.83494868502020836
147.40951993595808744 50.54262505564838648
150.66792139783501625 50.54952463693916798
150.65385754872113466 50.66069241613149643
151.19026970211416483 50.64931752812117338
151.13003183249384165 50.03526288270950317
150.97202313411980867 50.03501556906849146
150.97202313411980867 49.32154165860265493
159.14895407296717167 49.16405450645834208
159.12354965507984161 47.84556562360376120
159.28626649919897318 47.85044027213007212
159.31847224943339825 47.07115641422569752
153.89216714072972536 46.90845359954982996
153.67646436206996441 47.01320466026663780
149.75077722314745188 43.78893706202507019
149.25921786203980446 44.39463562052696943
153.46246763598173857 47.78477863036096096
153.60784394573420286 47.59445455949753523
156.42466821242123842 47.76471291854977608
156.42262834403663874 48.13552883453667164
151.30836131237447262 48.23244023509323597
151.31207953114062548 48.41494874190539122
146.33764660172164440 48.41494874190539122
146.56654791627079248 47.00430524256080389
143.38427844457328320 46.51243859622627497
143.16014767810702324 47.96214384958148003
142.80926320049911737 47.93517988827079535
142.80926320049911737 45.90986714791506529
144.68374015484005213 45.82217038702219725
144.53312449622899294 42.60568737238645554
142.80926320143043995 42.68720693048089743
142.80926320143043995 40.53944891411811113

[OBSTACLE]
34.42571164108812809 48.79290461447089911
34.10629509016871452 49.21879298891872168
34.67829517088830471 49.32279303483664989

[OBSTACLE]
131.93521196115761995 39.12443004827946424
131.87233205605298281 39.75691018160432577
131.28407762758433819 39.75440545938909054
131.29599897749722004 40.40478794556111097
131.85369445569813251 40.32317499164491892
131.89080819860100746 39.77577032148838043
132.50386807415634394 39.69324624259024858
132.53018680308014154 39.12567057553678751

[OBSTACLE]
22.18310479633510113 37.07998912315815687
22.18581792619079351 37.54818450752645731
22.95502945315092802 37.59315379336476326
22.87664930615574121 37.08409944642335176

[OBSTACLE]
169.92926330678164959 22.22944869194179773
169.92926330678164959 30.24944884888827801
172.97389372438192368 30.24944884888827801
172.97416390106081963 35.89954940881580114
175.99416387733072042 35.89934821892529726
175.99389370065182447 30.24944884888827801
177.94925337005406618 30.24944884888827801
177.94925337005406618 27.83025482017546892
180.95421739667654037 28.09122149273753166
181.78772849217057228 22.65934533812105656
177.94925337005406618 22.49147650972008705
177.94925337005406618 22.22944869194179773

[OBSTACLE]
20.46734496671706438 32.03233096469193697
18.38734503276646137 32.03606692980974913
18.39108161721378565 34.08106669504195452
20.47108155116438866 34.07733072992414236

[OBSTACLE]
38.46220184955745935 29.10203667823225260
38.34571219049394131 31.31901040580123663
44.95640535838901997 31.66634979192167521
45.11528724431991577 29.45239876862615347

[OBSTACLE]
158.87426320090889931 26.73444877471774817
158.87426320090889931 27.30444884765893221
159.54533107671886683 27.30444884765893221
159.54424216318875551 27.82444887515157461
160.11426319926977158 27.82444887515157461
160.11426319926977158 27.25399059616029263
159.44426327385008335 27.28401777707040310
159.44426327385008335 26.73444877471774817

[OBSTACLE]
144.52396029606461525 15.89453087840229273
137.90556514170020819 16.04047154262661934
137.95451614726334810 18.25996665935963392
144.57291130162775517 18.11402599513530731

[OBSTACLE]
147.24777526408433914 9.97944885026663542
144.93040712457150221 10.68473477475345135
158.95594520028680563 10.69944882113486528
156.25053845252841711 9.97944885026663542
