[SCALE]
1.0

[BORDER]
323.19334788527339697 10.90067739784717560
322.33386940695345402 10.67192478477954865
317.07496654428541660 32.22107587382197380
318.96806085295975208 35.13382265530526638
327.15167076047509909 37.04530422110110521
340.33940053638070822 40.54204159975051880
342.35670205578207970 32.77988204639405012
328.97998281195759773 29.23659638222306967
326.79735513590276241 25.85722046345472336
330.07194114755839109 12.78992351051419973
330.44508884660899639 12.89127128478139639
333.94714586436748505 0.00000000000000000
363.74690267723053694 0.00000000000000000
361.79625295381993055 8.70978819672018290
362.20627273246645927 8.80093204323202372
364.16159195825457573 0.00000000000000000
422.75787003524601460 0.00000000000000000
422.51649052277207375 1.10102619417011738
444.31029581278562546 5.81966692209243774
447.18334891088306904 3.86680871248245239
448.00270303059369326 0.00000000000000000
459.33302640076726675 0.00000000000000000
458.28978287335485220 4.86140752863138914
458.69771947525441647 4.96105508971959352
459.64008716866374016 0.56945003103464842
459.98000000044703484 0.60550951026380062
459.98000000044703484 7.74214007798582315
457.81163026299327612 7.90277833305299282
459.98000000044703484 8.40893462765961885
459.98000000044703484 24.45092891715466976
434.37652588821947575 18.58755566272884607
434.40883528161793947 18.43548248521983624
433.57206905540078878 18.20292805321514606
432.77796916570514441 21.94611148908734322
434.29377076961100101 18.96559878811240196
459.98000000044703484 24.88195502664893866
459.98000000044703484 26.12060147617012262
455.36994380131363869 25.12180948257446289
453.67190937045961618 32.96005595661699772
459.98000000044703484 34.32666543219238520
459.98000000137835741 41.31268787849694490
458.44139595888555050 47.56598582863807678
450.38264927081763744 45.60401829425245523
447.00232694391161203 59.48881482798606157
455.01980344578623772 61.47225207369774580
430.19782282039523125 162.35541391000151634
429.94497702084481716 162.94042408186942339
428.76000837516039610 163.17693762294948101
428.56500062718987465 163.96962201781570911
430.72072176262736320 164.49989921506494284
459.64571835845708847 46.91700095590204000
459.98000000137835741 46.95751314330846071
459.98000000137835741 126.75851005781441927
456.26646426599472761 125.74652297049760818
459.34013105090707541 113.38476539682596922
458.77847549971193075 113.06131794955581427
457.12433427199721336 115.76521232631057501
458.45198247209191322 113.94069029111415148
458.73757837060838938 114.07261727564036846
455.76085555367171764 125.98034725617617369
459.98000000044703484 127.19113408122211695
459.98000000044703484 138.58596228901296854
452.57223959080874920 136.77580731827765703
445.22362731117755175 167.11866504233330488
447.38116533774882555 167.64127326849848032
447.57333442848175764 166.84779606107622385
446.62636285740882158 166.10631816927343607
453.42973123490810394 138.02746060770004988
459.98000000044703484 139.61127026192843914
459.98000000137835741 205.47091607470065355
458.19766204431653023 205.31816014926880598
458.88795537315309048 204.04349878709763288
457.46346898283809423 203.27200435940176249
456.69204462505877018 204.69649112038314342
457.10669431742280722 204.92106077913194895
457.01806539203971624 205.21705714706331491
448.81999060232192278 204.51443272735923529
447.52018246147781610 219.67876952327787876
455.49906679522246122 220.36262963805347681
455.59066484495997429 220.56631875038146973
454.09070671256631613 222.58051771391183138
455.39004768524318933 223.54807303473353386
457.31329328846186399 220.96547212265431881
457.05477196909487247 220.77295338083058596
457.15660220012068748 220.50469714030623436
459.98000000044703484 220.74668946396559477
459.98000000044703484 228.10248780064284801
450.64536674879491329 227.96155825350433588
443.86575561389327049 228.10894567612558603
445.33955544047057629 193.11554694548249245
453.12837206106632948 193.71639159135520458
453.16052932012826204 194.03236308041960001
451.70350912306457758 194.45107747800648212
451.76247798744589090 194.76846311613917351
455.00042397435754538 193.84092352259904146
454.77785892691463232 193.57774293981492519
454.80233391001820564 193.32416617870330811
444.91244707535952330 192.56858080346137285
443.67760263569653034 221.71181199699640274
443.82702670432627201 221.72436380200088024
443.70084848627448082 224.88962149620056152
443.58260720875114202 224.82531894929707050
443.44978179689496756 228.39149254094809294
444.04034866672009230 228.49606670252978802
450.64064669795334339 228.43812070228159428
459.98000000044703484 228.61947759706526995
459.98000000044703484 247.46813012845814228
443.38275889959186316 257.57044723164290190
443.44341366551816463 257.67010485939681530
441.92944773472845554 258.54848568048328161
442.84984832163900137 260.06060463562607765
442.74305893853306770 260.12560752779245377
449.40855704527348280 271.07654117792844772
450.03871161490678787 270.69300976209342480
451.94680157862603664 273.95053193904459476
459.78974973503500223 269.40648816060274839
459.98000000137835741 269.51613642089068890
459.98000000137835741 269.82102575618773699
451.96922836918383837 274.44509139191359282
451.85237070452421904 274.23900648020207882
450.51826317049562931 274.99387535825371742
451.10624692682176828 275.82787300832569599
452.43919798173010349 287.75792860984802246
452.19846451748162508 287.87541185691952705
449.81125166546553373 285.54188419692218304
441.05081991944462061 293.73732218053191900
443.28070382680743933 319.62109465990215540
445.77640809211879969 329.75618618261069059
445.59228494390845299 329.90821572300046682
437.08538033533841372 325.98811917100101709
431.76788613200187683 324.34994303621351719
427.33334577549248934 326.79709057975560427
426.16774881444871426 284.30903988610953093
429.88377866148948669 283.89983960427343845
436.59200490545481443 282.77018224354833364
436.76373619772493839 285.54686174821108580
440.98612284567207098 285.28633738588541746
440.77895857673138380 282.06511441431939602
440.95079458039253950 282.03617468569427729
441.55264710821211338 279.50677149184048176
443.99055061209946871 279.44484266173094511
443.62683984637260437 265.12933580484241247
435.61847628373652697 265.42310768738389015
419.00377883948385715 265.22539444174617529
419.05918531678617001 262.73810627963393927
426.67385901138186455 262.53801383450627327
426.46323372051119804 254.52079077064990997
418.24604075215756893 254.73670613672584295
418.45666604302823544 262.75393913220614195
418.63938147760927677 262.74913687538355589
418.63040205556899309 267.68359687086194754
417.17902318574488163 274.62514605931937695
416.58737813867628574 279.53905712440609932
418.38466341327875853 280.31314655393362045
418.12085677403956652 282.06467458792030811
416.95090576820075512 285.33396159578114748
415.29787150491029024 288.54991239029914141
411.85678667947649956 294.17612125352025032
410.09329881425946951 296.60954978223890066
404.58481315243989229 300.71656247135251760
398.26802761480212212 302.16253484319895506
391.56841189879924059 302.36970856040716171
391.74458016734570265 306.18276734463870525
392.17197637073695660 306.17445454560220242
391.95164846628904343 302.77692498546093702
398.25936177745461464 302.58161561377346516
405.05394502449780703 301.04124651569873095
410.35836009960621595 296.96073961351066828
412.35764057748019695 294.18262445740401745
415.65691688470542431 288.76784923300147057
417.23098733369261026 285.73737244028598070
418.48311489075422287 282.23566670902073383
418.77718922216445208 280.48579084221273661
424.33135744929313660 284.51125433575361967
425.65050213225185871 284.36599722132086754
427.04608450550585985 335.15807621646672487
421.48380722943693399 336.58452526573091745
420.39678913913667202 338.94499955419450998
413.11959351785480976 332.41183663532137871
405.47336419671773911 340.13574893586337566
403.29157190117985010 345.69447090290486813
397.43160304799675941 345.85770928114652634
397.29689336661249399 343.64654028043150902
395.22075053863227367 343.77301658783107996
395.35127524193376303 345.91565998829901218
392.57984551694244146 345.99286239501088858
392.63554600346833467 347.99211164657026529
377.41142637003213167 348.44581284932792187
377.35575457941740751 346.41708994749933481
375.02805914357304573 346.45743537601083517
374.90490352828055620 344.43575025908648968
372.82874047197401524 344.56224645581096411
372.95185560360550880 346.58307858556509018
366.64775924105197191 346.71419668663293123
364.20616328809410334 341.28536092396825552
356.09172358550131321 334.00048628449440002
348.44543782062828541 341.72444499842822552
346.11627243924885988 347.78449054621160030
341.57903353404253721 346.11461568437516689
322.71590829920023680 328.24973490554839373
319.80402214266359806 325.30030970182269812
321.77702055592089891 320.32631166651844978
321.27819836791604757 311.67582161165773869
311.06813631299883127 307.84974472597241402
301.47411123290657997 313.29793914593756199
293.28360196948051453 305.82683906611055136
281.71862558182328939 297.87447122018784285
272.01167940441519022 305.62484290637075901
271.36627962067723274 313.86003681644797325
275.31215178035199642 319.75906032044440508
274.65597174223512411 319.84879872109740973
247.19838585518300533 348.81241236906498671
242.90504584833979607 350.73431752063333988
223.92701039649546146 351.24532484821975231
211.99475955776870251 363.79440016858279705
212.39950666297227144 379.97999979555606842
208.77194433007389307 379.97999979555606842
208.26605513598769903 366.00867412518709898
208.51644080784171820 365.99942241888493299
208.44597337115556002 365.24535020254552364
218.48113959096372128 354.45594360120594501
218.66465952247381210 354.62574374955147505
219.70034875441342592 353.51219391077756882
218.96585057210177183 352.92116355616599321
215.52502067759633064 341.70003414247184992
215.76483694743365049 341.62636744044721127
215.39447300322353840 340.70262077078223228
217.51382617838680744 326.61774692870676517
221.40226767119020224 327.36281204689294100
224.52306532859802246 327.72047168668359518
227.95253129489719868 327.53032281342893839
231.32649055123329163 326.94766970816999674
240.32839801814407110 322.19238764047622681
240.10817368328571320 321.74829045776277781
231.25000126659870148 326.53466275986284018
227.92511210031807423 327.11120459530502558
225.96954817976802588 327.21289369463920593
226.12189245782792568 326.49706069938838482
223.21516772173345089 325.87842903938144445
223.83948341663926840 322.86172929964959621
223.59942013584077358 322.87733422592282295
224.92674220260232687 316.64073663298040628
225.16805029846727848 316.70490612927824259
225.78971733991056681 313.78663197997957468
228.73591927159577608 314.41366246435791254
228.84416257124394178 313.90505048353224993
225.71340711601078510 313.23876277729868889
225.74242186453193426 313.08489041682332754
225.06874940171837807 313.20000808779150248
225.31015211064368486 311.92311664484441280
226.26072046905755997 312.02901715599000454
226.33129535987973213 312.29941123630851507
226.81134776864200830 311.98927245661616325
226.74587926082313061 311.86863586772233248
242.94193390384316444 302.01480719633400440
242.94397355988621712 301.57293627131730318
240.07016636710613966 301.98249275982379913
235.75597611907869577 295.24039927870035172
235.18715469911694527 295.65956332534551620
233.05008894205093384 292.41370001342147589
228.00902404729276896 294.96045527141541243
227.81748400907963514 294.80244674533605576
233.61449866089969873 274.37608804181218147
234.15491750556975603 273.99265500437468290
234.37459643371403217 274.14762353710830212
230.07011032383888960 289.40320430323481560
237.98120883665978909 291.63539682701230049
242.65741979703307152 275.06248138193041086
240.69763004686683416 274.50951084215193987
240.64680420421063900 274.29077801387757063
243.17664190195500851 272.01931982114911079
239.82284980639815331 268.28401853144168854
236.08756818436086178 271.63776987139135599
237.63401830662041903 273.36015732493251562
237.48306441958993673 273.60249697230756283
235.76245995797216892 273.11701267026364803
235.72169517539441586 272.88100882805883884
236.22774452995508909 272.52195190172642469
235.98545098584145308 272.17886638082563877
234.97757711540907621 272.89555532112717628
234.74629127420485020 272.83028990775346756
234.66520260367542505 273.11768276151269674
233.54055064264684916 273.91740651428699493
233.47727726399898529 273.82781828753650188
232.96793170273303986 274.18519172165542841
233.15072482172399759 274.28637727629393339
223.06066061742603779 310.25834448914974928
220.89269963372498751 309.67787167616188526
229.79214848484843969 275.64141177292913198
232.18558148201555014 276.28226563148200512
232.55312826111912727 274.91064738761633635
230.15136350970715284 274.26757300831377506
230.45977452117949724 273.08803715370595455
230.70219975151121616 273.15149226225912571
230.86453038826584816 272.35058507788926363
233.27506325207650661 270.65287203341722488
234.67503491044044495 272.57902206946164370
235.02661460544914007 272.35019072145223618
233.61865085735917091 270.41088688187301159
243.74126357585191727 263.28163678199052811
245.02937021665275097 265.05388867203146219
245.36910832300782204 264.80694978591054678
244.08468818664550781 263.03976642619818449
254.20745337195694447 255.91040894575417042
255.38340046815574169 257.52834908850491047
255.72313815075904131 257.28138936776667833
254.54720352683216333 255.66348676383495331
264.66725746449083090 248.52779217995703220
265.77018183562904596 249.97868657018989325
266.06286061648279428 249.73838766291737556
265.00648002605885267 248.28444241173565388
271.62579424493014812 243.64688443951308727
272.31921033002436161 244.60092847049236298
273.14430853910744190 244.00123979803174734
272.46129512321203947 243.06152413878589869
274.49421106930822134 241.63724282570183277
276.27718598395586014 244.39250089321285486
276.55604303441941738 244.28370033018290997
276.60066638421267271 244.65718491747975349
276.73606362380087376 244.52355310786515474
278.36337490100413561 247.15909634437412024
278.21632206812500954 247.17143247276544571
278.53203196078538895 248.66454318817704916
278.23667113855481148 248.78384365607053041
275.73734677303582430 244.79183819703757763
275.81300159543752670 244.64741998445242643
275.49066018126904964 244.18375452607870102
274.97625596076250076 244.44995475281029940
275.05070181563496590 244.59082171414047480
246.42473315354436636 264.80662989988923073
246.66701004374772310 265.14970712643116713
275.32685216516256332 244.90998472832143307
278.61457665171474218 250.17685216944664717
279.05421008449047804 250.19189795665442944
278.45897458214312792 247.28162655699998140
278.88828549068421125 247.01957527454942465
277.34051539190113544 244.48391557019203901
279.91152552422136068 242.91456532757729292
279.78127566259354353 242.70117553416639566
285.22692482825368643 239.37713533267378807
285.35718497261404991 239.59051527176052332
287.89283444080501795 238.04274540394544601
289.46218473371118307 240.61375561635941267
289.90602544788271189 240.34283534251153469
288.23996897041797638 237.61336201522499323
288.35970876459032297 237.53943555429577827
287.83884086180478334 237.10715470463037491
288.34809201955795288 236.78032527677714825
292.64501562714576721 244.00847803521901369
293.17829702235758305 243.63281101640313864
292.76977490633726120 243.21356456447392702
287.93531961739063263 235.26116855349391699
288.27787236589938402 235.04557530116289854
289.28045869804918766 236.65801336988806725
291.90458037983626127 235.02601374126970768
293.67375653609633446 235.13373565580695868
293.71353987976908684 233.71115464251488447
296.97026844415813684 232.57940333243459463
296.47126658540219069 231.14348683971911669
293.45295320730656385 232.24051926564425230
293.87192627321928740 233.47001005336642265
292.10000014398247004 233.47001005336642265
292.10000014305114746 234.53861216921359301
291.82667896244674921 234.61855759378522635
291.00275015085935593 233.33061235770583153
303.49994457885622978 225.46522278152406216
304.33326568920165300 226.77873627934604883
302.05236644484102726 227.29199911560863256
303.50570117495954037 233.75049134902656078
305.67154527548700571 233.26312072295695543
304.35095109883695841 227.39454711601138115
304.64621628820896149 227.27202132064849138
307.75601686909794807 232.17381126619875431
319.66485377307981253 224.61855058558285236
319.27270001079887152 224.00707898754626513
320.78325865138322115 223.32285691332072020
320.11264328844845295 221.84816764667630196
318.86421055719256401 222.41588891204446554
318.69295615795999765 222.11281555797904730
319.21114765666425228 221.75687865074723959
317.98748740274459124 220.02939496096223593
318.21258043125271797 219.80269448459148407
318.47388826403766870 219.98501302115619183
319.03767645638436079 219.17696425598114729
322.52162578701972961 224.63628923427313566
322.96337230689823627 224.63795580156147480
322.37178873922675848 221.57136886753141880
322.12994370516389608 221.60126811452209949
322.43894690740853548 223.08331617806106806
322.14133937098085880 223.20097653754055500
317.68889094330370426 215.89690541196614504
317.23364529851824045 216.32651862874627113
313.69621581956744194 218.48449852969497442
312.62986049987375736 216.81272592302411795
354.01672885101288557 190.63951851706951857
354.22132662963122129 190.95385456830263138
346.45095682982355356 196.15760531742125750
350.96606715861707926 202.89962247759103775
359.88055863510817289 204.51881298143416643
366.53932316415011883 200.05945433862507343
360.76361176930367947 191.43512253090739250
363.74180381558835506 189.42399094626307487
361.40667661745101213 185.96608843374997377
362.95010781567543745 184.99001688044518232
363.09105159901082516 185.19685432221740484
363.70731642935425043 184.79222121182829142
363.94179204758256674 185.31953989341855049
364.07831677980720997 185.23851095885038376
367.46222969889640808 190.24304284807294607
367.34770211670547724 190.33123095892369747
367.67672196496278048 190.78393253590911627
369.92723765783011913 199.75321671739220619
369.76437798514962196 199.99923562165349722
370.01303704082965851 200.00556311290711164
372.09813105873763561 209.78908968716859818
372.33088662195950747 217.65397482644766569
372.02044794056564569 217.71976486314088106
371.40307964757084846 216.20964255649596453
371.08474294934421778 216.27258238755166531
372.34236815944314003 219.35906225815415382
372.79491826426237822 219.12665421422570944
372.49196742568165064 209.70679826568812132
372.66335564758628607 209.66601242497563362
370.43946825247257948 200.15667944587767124
370.55997363477945328 199.67499640863388777
370.33906793873757124 199.70900414418429136
368.02045665681362152 190.57217126619070768
368.22304159309715033 190.43929528817534447
364.18575358483940363 184.47915791161358356
364.37450317759066820 184.38271644432097673
363.56234415248036385 183.09949008189141750
363.37854907568544149 183.22537439502775669
337.81427667383104563 139.41275834012776613
337.93769990466535091 138.53685003798455000
336.44452843908220530 138.39269491657614708
320.53931929823011160 131.61671954672783613
320.63731648679822683 131.38667915202677250
319.18487838190048933 130.77540567051619291
318.94050953444093466 131.63223561178892851
298.98993806168437004 144.49247634690254927
298.85447832569479942 144.28227605484426022
297.57689687982201576 145.10581273958086967
298.40043393243104219 146.38342471141368151
298.59262720216065645 146.25947769265621901
316.97266967874020338 176.59063091874122620
316.75885024480521679 176.72023154143244028
316.89656600635498762 176.94747025612741709
313.52968001924455166 179.30029691569507122
305.07638606801629066 166.64373804256320000
291.53742333222180605 175.66741384658962488
291.42794276494532824 175.48852759785950184
290.90779420640319586 175.82561412826180458
291.02167917508631945 176.01122003793716431
290.50531967636197805 176.35532638989388943
291.14488857146352530 177.31422247644513845
289.93710082210600376 182.88249643519520760
285.69924904685467482 188.41883089859038591
285.60412938985973597 188.28431526664644480
284.91413699835538864 188.76541851647198200
276.83649495989084244 191.60752163827419281
268.70768734440207481 199.10806207451969385
273.12589445523917675 206.20317968912422657
276.01536395866423845 204.19214776437729597
276.27512655034661293 204.56641673669219017
290.25766116194427013 194.86218200344592333
289.98910106625407934 194.48256985377520323
298.74507148377597332 188.70822462439537048
299.16537265665829182 189.33827427867799997
270.49999957438558340 209.37003486603498459
270.43337095156311989 209.11124999634921551
269.18362797982990742 209.98395526036620140
270.05356450378894806 211.23035671468824148
270.14593823067843914 211.16633304953575134
270.43571522086858749 212.34456775430589914
282.64168720785528421 231.06897054519504309
283.71148474887013435 232.99944881442934275
285.19846489187330008 234.03024402912706137
282.26418006047606468 235.92905849218368530
284.42069477587938309 239.26003455743193626
280.48823223449289799 241.66042050998657942
278.34333670511841774 238.34724044892936945
276.36753836646676064 239.57654922548681498
276.02611272502690554 238.14894946571439505
264.15125850401818752 219.93642582744359970
264.36173622775822878 219.80029527842998505
262.58440287876874208 217.42212928552180529
260.52017935272306204 215.89190640673041344
259.70636172220110893 216.11821729782968760
258.67710162047296762 216.81956873368471861
256.48275514505803585 213.76728231459856033
256.10764964949339628 213.94106348138302565
258.18440902605652809 216.85282988380640745
258.36174486577510834 216.71029352676123381
258.65611519850790501 217.12498655728995800
245.02964779641479254 226.58052164595574141
241.63867449387907982 220.88480527698993683
242.65215784497559071 220.19495983887463808
241.57443479634821415 218.61753284558653831
242.07482632156461477 218.28675769828259945
239.41700816899538040 214.26579395867884159
238.91639378853142262 214.59667631145566702
238.19693957827985287 213.52640595380216837
226.79722332768142223 221.28136213403195143
230.92590820044279099 227.36032861936837435
230.72652915585786104 227.58169290516525507
226.75936176255345345 225.45442415215075016
216.36170539073646069 236.62657188251614571
214.16273313667625189 234.64282641187310219
211.73963443003594875 237.32880679797381163
211.31479363236576319 236.94111225381493568
206.44839684106409550 242.27438086923211813
207.85459389165043831 243.60616398416459560
199.98841446824371815 251.53766922187060118
200.88761656917631626 252.52718173712491989
200.62273223977535963 252.78327075298875570
199.37313405051827431 251.56822347734123468
186.91837041173130274 264.61978169623762369
192.71351415757089853 270.16383966710418463
201.38468989450484514 261.09687142912298441
201.65887407213449478 261.34663666412234306
194.23902264423668385 269.89982314780354500
198.41845437232404947 275.84627418220043182
192.60565461125224829 304.95661002676934004
192.35998734924942255 304.90715602878481150
192.26947865635156631 305.50354002788662910
191.48129250388592482 305.58212820999324322
191.50818695779889822 306.38531020935624838
193.72402711492031813 307.72610528301447630
215.54260951094329357 312.57767384685575962
217.65697489306330681 313.20969283115118742
220.34990059398114681 312.89339422341436148
220.79950275830924511 312.05721648316830397
220.55072750803083181 311.92675618734210730
220.77523020189255476 311.11637406330555677
221.34196106158196926 311.26813471503555775
220.38595350924879313 316.42259061429649591
224.28769139666110277 317.14540235511958599
223.32863607630133629 321.65165313519537449
219.42339034099131823 320.92812057770788670
218.46819425933063030 325.85547389928251505
222.42071173060685396 326.58854661788791418
222.48634277749806643 326.26391376182436943
222.83336362801492214 326.53517450112849474
222.83220344409346581 326.34388584736734629
225.52606550510972738 326.90420826338231564
225.50051491707563400 327.23728337045758963
224.46539622824639082 327.29110942315310240
221.20955770183354616 326.90838546492159367
217.83641028031706810 326.23324749525636435
218.10019725002348423 324.66560291871428490
217.92697202507406473 323.60731229931116104
215.76349850185215473 322.26492704171687365
194.53956624306738377 317.54776549711823463
194.59481233451515436 317.30328796152025461
191.66139252949506044 316.84586343076080084
189.11569865327328444 317.19523741304874420
188.68780860584229231 317.93350304570049047
189.33735566213726997 318.28889797814190388
190.90971976704895496 318.42088091373443604
190.74359101895242929 319.05654704757034779
182.43203893769532442 318.89600442908704281
181.56859077233821154 318.76696216966956854
181.55181108135730028 318.87900215107947588
176.99772240407764912 318.79103468358516693
175.72163564711809158 330.83363355323672295
174.38832239154726267 335.91336749587208033
175.27757077757269144 338.94709141645580530
171.29238817933946848 352.27355137746781111
161.16053925734013319 345.90143612679094076
162.05302293971180916 344.29407666809856892
158.45508597604930401 341.08034569118171930
159.42985972855240107 335.35224146582186222
159.68367946986109018 334.90967593062669039
152.77739401999861002 330.20531726162880659
156.80663844943046570 321.68427004572004080
158.64803275465965271 318.22606164123862982
150.91293638106435537 314.12023852113634348
150.22825643513351679 315.41694650612771511
146.70616335794329643 314.10706374049186707
141.95858335401862860 322.57430705055594444
130.16416174732148647 345.64739628974348307
140.61894955299794674 352.32723113242536783
140.41580145992338657 352.64712916687130928
129.96625870838761330 346.05171224568039179
125.92032849695533514 352.49918352998793125
126.56747437641024590 352.94338661618530750
125.81503702886402607 354.12450945004820824
133.97373814322054386 359.20354920160025358
136.62719042133539915 361.01297467201948166
137.38022781256586313 359.83090006466954947
137.94290436152368784 360.09242582786828279
143.68396279402077198 350.64404433965682983
143.94366940297186375 350.68721465207636356
144.06642172392457724 351.31101652048528194
144.21377905737608671 351.40370190516114235
143.76160501129925251 352.19889588002115488
143.43163974303752184 351.98866290785372257
142.66859282646328211 353.18624986242502928
142.90027149580419064 353.33387263398617506
138.58624298311769962 359.89555397909134626
153.77987658418715000 369.85425897501409054
153.70828850660473108 369.96624946966767311
157.49109940882772207 372.38445464707911015
156.49165762774646282 373.93837611190974712
156.95438654068857431 374.23328848276287317
152.60622621420770884 379.97999979555606842
139.77544179745018482 379.97999979555606842
137.12313892133533955 378.13089886493980885
137.20667467918246984 377.99407893512398005
136.49826822429895401 377.56691337283700705
136.40368473343551159 377.72510819695889950
131.02028600871562958 374.31235591322183609
131.11026967037469149 374.16604778915643692
130.42140948399901390 373.68688798230141401
128.43996831309050322 376.83911110926419497
123.08850563410669565 373.45706211589276791
124.84734506439417601 370.60680039133876562
118.22019327245652676 366.30893170461058617
118.36762666795402765 366.07311911229044199
117.60214353911578655 365.79439885355532169
117.32007032539695501 366.56432921625673771
117.41924017295241356 366.60066548548638821
108.82303879316896200 379.97999979555606842
91.85053482092916965 379.97999979555606842
91.74176413379609585 379.78541003167629242
100.36865300219506025 365.75813663471490145
105.12496672384440899 358.63662381190806627
104.39402963966131210 355.24061267077922821
97.42040737066417933 350.53275682032108307
96.91344803944230080 351.28367085475474596
87.37615176942199469 345.48371008038520813
86.68739930260926485 346.61627218592911959
75.46277644671499729 339.65024007949978113
71.23363007511943579 346.46459347102791071
75.66355093102902174 349.21379241161048412
75.47024787031114101 349.53496205713599920
68.13843332231044769 345.25720518548041582
73.37120744399726391 337.63091902621090412
80.53818317968398333 342.32678437139838934
90.02070758398622274 327.85665283817797899
92.49280593357980251 329.33280076459050179
92.03804427199065685 330.05941943265497684
101.68249550089240074 335.91177956573665142
101.34030763059854507 336.49237771704792976
113.16023770812898874 343.45865271426737309
117.23229256086051464 336.54933237098157406
105.18267831299453974 329.44762907642871141
105.32683659996837378 329.21005858387798071
96.01022456493228674 323.55655128974467516
96.45391072798520327 322.82297839876264334
92.70855144131928682 320.63436162751168013
88.81484536267817020 304.08042850904166698
88.37706163618713617 304.18327486328780651
90.65199534408748150 286.52008619625121355
88.34905602596700191 286.22350548300892115
88.36134168133139610 285.87737697828561068
90.19836158212274313 285.77233324106782675
98.03773108217865229 270.62293866463005543
89.46071286406368017 258.92218632064759731
78.43061678577214479 244.42088369093835354
78.68177570775151253 244.18647159915417433
86.85533546190708876 251.34395111165940762
88.07980602513998747 249.94563202746212482
88.36275180242955685 250.16535232216119766
86.90289677958935499 252.29309838544577360
101.18448815867304802 262.09191316552460194
106.06130327470600605 254.98408178891986609
91.77961135283112526 245.18526616413146257
91.40512078255414963 245.73116206936538219
84.22800839133560658 239.44628151785582304
84.35000881645828485 239.28028144408017397
83.54572356678545475 238.55320034921169281
83.38153177220374346 238.70503571350127459
83.09556464571505785 238.45461895316839218
78.15209433622658253 244.09992787241935730
76.14453234244138002 241.73188190627843142
81.84974329639226198 237.23900953680276871
75.09365641139447689 228.65987022034823895
69.16436832025647163 233.34925994742661715
67.80458178371191025 227.86898503452539444
67.79645429365336895 227.31921887770295143
67.66803372651338577 227.31844673305749893
67.17159379832446575 225.31755511835217476
67.69678885396569967 225.30228122789412737
67.76275723241269588 224.28700775187462568
66.60483120102435350 223.03292680718004704
66.32183191366493702 221.66321961581707001
73.35491980146616697 221.53545776661485434
73.13987955451011658 203.78898995369672775
70.41999984998255968 203.78898995369672775
70.41999984998255968 207.18914357945322990
65.67260369006544352 207.25307253003120422
65.57204346824437380 207.02051517553627491
69.12193002924323082 203.34490935970097780
72.04378135967999697 197.19435417372733355
72.16840683482587337 182.28573066182434559
72.91111811809241772 182.23935647774487734
72.45074193645268679 175.03398279100656509
72.24201151076704264 175.04731880407780409
71.74327316228300333 163.62720532901585102
71.21245273575186729 163.62690559960901737
71.07974323723465204 154.69307763967663050
71.44479829631745815 154.67755847703665495
71.17708638124167919 150.26628909073770046
71.01404613256454468 150.27326917555183172
70.96113057713955641 146.70908819884061813
77.00415058713406324 132.66003303602337837
77.31732546444982290 132.80263078957796097
84.52468553744256496 117.11765984911471605
87.68264686688780785 109.28623999003320932
87.45544441603124142 108.76746217627078295
87.82238352950662374 107.95490340143442154
86.91454343963414431 107.53262634389102459
86.28884038049727678 106.10429142322391272
78.53641698881983757 102.91006635222584009
78.28199228644371033 103.51754748448729515
77.93628083448857069 103.35669836215674877
71.17242954764515162 110.94386830087751150
60.36068619322031736 106.29776640608906746
62.95789880305528641 97.00637909397482872
52.47171215247362852 92.02840770501643419
52.58339488692581654 91.77024806477129459
27.85676009766757488 79.89352961815893650
27.68314095214009285 80.26076992135494947
27.22702199686318636 80.04417607188224792
24.93409996852278709 85.86041999515146017
24.58607537113130093 85.73327699210494757
26.55180959030985832 79.89948516432195902
0.00000000093132257 67.25718550849705935
0.00000000000000000 49.58550569508224726
17.83653773833066225 58.16375610511749983
29.15283348970115185 25.89547712914645672
31.07418551202863455 25.86192085966467857
37.55782099347561598 27.44151648320257664
38.62515106704086065 29.58327508345246315
41.94115946348756552 30.61874439474195242
44.78388661704957485 29.20208164118230343
51.57858382537961006 30.85752550326287746
66.38350608665496111 33.03797004185616970
84.80240051820874214 39.03918177448213100
90.07841169834136963 42.09449367132037878
94.40432105958461761 42.76665723603218794
105.39515781868249178 47.99830384645611048
110.03356245998293161 53.47886306326836348
117.29085767082870007 53.85411975532770157
123.23454700689762831 58.62709336355328560
123.92933761514723301 71.93066314049065113
122.86585333012044430 76.31748434249311686
110.85358251910656691 90.17528972961008549
108.23661697376519442 97.06084181368350983
107.95206110831350088 96.93338546995073557
106.92207691259682178 99.23325978685170412
107.34019182156771421 99.41938908118754625
106.94631719030439854 100.45568553917109966
112.20621286425739527 102.65993747860193253
117.10786834917962551 97.32424767129123211
120.60278822481632233 99.40349449031054974
120.37353443074971437 99.87512175366282463
125.96114917658269405 102.59130973741412163
128.61794527526944876 104.17186266649514437
131.83666148502379656 111.44957266468554735
121.03022184222936630 118.70346899330615997
128.50076777674257755 131.85802173893898726
130.22938055545091629 131.14132636785507202
132.07855971343815327 131.71874482557177544
139.61331801302731037 127.96338756009936333
139.24066221993416548 127.40510281641036272
162.52703483402729034 117.28854017704725266
159.56526296678930521 110.21391755621880293
165.87648587860167027 107.50563912559300661
165.85681972745805979 107.27840627636760473
171.32499193120747805 108.40716229844838381
171.26306011900305748 108.76915405783802271
165.53078162670135498 107.98864771891385317
164.30470713973045349 116.72301293164491653
174.82161057833582163 118.19929271005094051
176.06109610106796026 109.38480270840227604
179.58958503231406212 110.11316366400569677
185.41818489041179419 98.15712112933397293
194.17379819881170988 102.72720562014728785
207.21539161168038845 92.14497607480734587
207.35887896548956633 90.83836043346673250
223.20230207871645689 89.90067062806338072
231.09323536604642868 94.81950630154460669
233.39684724994003773 93.45066302642226219
233.60487178526818752 93.69209427759051323
231.51016983389854431 96.25852408166974783
242.90306093730032444 105.55731960013508797
242.54079815279692411 105.98932983167469501
253.11327565461397171 114.87223184294998646
252.79636817704886198 115.26510496716946363
259.34549879934638739 120.54795936401933432
262.79133732896298170 120.10790989361703396
268.07401212491095066 113.55899472162127495
267.64609035663306713 113.21386072598397732
276.21146300155669451 102.47693208884447813
275.72018120996654034 102.08363634441047907
276.80988959595561028 100.25143202114850283
277.13701211102306843 100.46282687503844500
284.58256648667156696 88.93882712442427874
283.82816009968519211 88.45142964087426662
284.03106744866818190 88.11023330874741077
275.59623309876769781 82.79787638131529093
275.75833344180136919 82.13418194185942411
273.50120491161942482 81.47501028515398502
278.37481898069381714 71.36794793605804443
289.92275366373360157 74.53595772013068199
290.11130919773131609 73.87950345315039158
290.72820891998708248 74.04494934715330601
292.90732265636324883 65.91767337266355753
292.56226720567792654 65.34696331061422825
293.18661470245569944 63.17344551626592875
282.71356299705803394 59.02167546469718218
291.63893381133675575 31.88812495395541191
293.48380214814096689 32.52305025514215231
289.69716792553663254 45.46235116384923458
290.09928739350289106 45.50957796815782785
286.32464802172034979 59.40432898886501789
293.65867237374186516 61.39628590270876884
297.30719466693699360 47.66584126744419336
297.42878137715160847 47.70227438956499100
301.24835721589624882 34.54540534224361181
300.50709007028490305 34.32844716031104326
302.73597047943621874 27.05481610074639320
304.37215307448059320 25.95284694526344538
306.15155265666544437 17.72934090998023748
305.72378163225948811 17.63677788525819778
308.23139376007020473 6.93901385646313429
308.79493971075862646 7.08902700245380402
310.70830838847905397 0.00000000000000000
326.15459087025374174 0.00000000000000000

[OBSTACLE]
376.48105079773813486 343.87146495375782251
375.71613214164972305 343.89540779404342175
375.73263091407716274 344.42244432773441076
376.50208642240613699 344.39095294754952192

[OBSTACLE]
394.24849371518939734 343.14689058717340231
388.47166931536048651 343.38309711683541536
388.49294764455407858 343.90267053432762623
394.25788507889956236 343.66669172793626785

[OBSTACLE]
168.91030127834528685 336.19020102825015783
166.91434399690479040 336.94624920003116131
165.26382683310657740 340.04159040283411741
165.38983997236937284 340.45539403893053532
168.75045984331518412 342.24812930729240179
169.16398110985755920 342.12125891819596291
170.81449162121862173 339.02591993939131498
170.33010942395776510 336.94730129465460777

[OBSTACLE]
242.79644339252263308 331.84400189202278852
233.01342201326042414 339.16662656143307686
233.38495669048279524 339.66298786550760269
243.16796814929693937 332.34035336412489414

[OBSTACLE]
224.45445889700204134 329.32477316912263632
218.52280659880489111 332.46508199721574783
217.98307493422180414 333.03561259247362614
216.10536829940974712 339.41636291518807411
216.69778478704392910 339.59864562656730413
218.54588046949356794 333.68508285656571388
219.42136597540229559 332.69090185035020113
224.74455674365162849 329.87271899450570345

[OBSTACLE]
376.36338376719504595 327.57357324659824371
375.94355741236358881 327.58663618098944426
376.26812346652150154 337.80151870753616095
376.66131561994552612 337.78800251707434654

[OBSTACLE]
392.99332580342888832 327.05357508640736341
392.57351578865200281 327.06663783453404903
392.95004782732576132 337.26883519254624844
393.35036048386245966 337.26284610852599144

[OBSTACLE]
363.01854136772453785 326.57881949841976166
356.73339920118451118 331.87353481631726027
357.13284487836062908 332.34770061727613211
363.41947487462311983 327.05173508916050196

[OBSTACLE]
367.68512774724513292 326.17082625348120928
367.62738509662449360 326.75515072792768478
375.81551977526396513 327.47946241497993469
375.87015595193952322 326.86183026339858770

[OBSTACLE]
398.63351637404412031 321.42114887852221727
391.92712870053946972 326.17433403059840202
392.28564375638961792 326.68016086332499981
398.99202090594917536 321.92697629611939192

[OBSTACLE]
115.52656960114836693 321.38884283043444157
115.44776341598480940 321.94265055097639561
120.95454842038452625 325.23630451504141092
121.22151599079370499 324.79003143683075905
117.10950718820095062 322.33062745723873377
117.22148226667195559 322.03349312022328377
118.70718042925000191 322.30654702708125114
118.79376423452049494 321.99576279148459435

[OBSTACLE]
403.31609623972326517 321.37149768136441708
403.21013818215578794 321.98237398732453585
411.30946630984544754 323.38708036206662655
411.40174454450607300 322.77415873482823372

[OBSTACLE]
230.40123333688825369 312.21694985684007406
229.80869019217789173 312.39121633861213923
231.75632759928703308 322.36848389916121960
232.39537924714386463 322.24147863034158945

[OBSTACLE]
163.09994783811271191 314.90397542621940374
161.32005546521395445 316.36765193101018667
161.09323947690427303 318.66083176899701357
162.56021300796419382 320.44102166034281254
164.85375236067920923 320.66457484196871519
166.63355110306292772 319.20090283825993538
166.85715472791343927 316.90739764738827944
165.39349297713488340 315.12753906007856131

[OBSTACLE]
99.97413117904216051 303.07366848830133677
99.59994129091501236 303.13853748701512814
100.67372436355799437 309.74266816303133965
101.61925190407782793 313.04071199800819159
104.53634618408977985 315.41653079725801945
110.03562411572784185 318.70563494320958853
110.41691850405186415 318.39083668403327465
108.48131008725613356 315.94382400810718536
108.26958989351987839 316.06463578995317221
109.22848539333790541 317.24124447535723448
109.01971441507339478 317.48256816901266575
104.66414883919060230 314.87524653319269419
102.13677928596735001 312.91879285592585802
101.22463839873671532 309.82023039273917675

[OBSTACLE]
126.16825628746300936 282.93795830477029085
126.17362772021442652 284.20482889097183943
128.23595225531607866 285.09869126230478287
128.12699486128985882 285.44425948522984982
129.66472809854894876 286.46010995563119650
129.58244194556027651 286.73129834607243538
122.37257531471550465 286.69239417184144258
122.29557649325579405 296.91060922574251890
122.04810903407633305 296.90548606216907501
121.74969512876123190 311.32239100243896246
129.24843518063426018 311.47763988748192787
129.33317456301301718 314.96394437737762928
128.66736182570457458 318.11233777645975351
128.71293792501091957 318.45798626821488142
129.08977162279188633 318.45600774791091681
129.85256987158209085 314.94131115544587374
129.61935825273394585 311.34561841934919357
129.26848466880619526 311.45418969076126814
129.56049377936869860 297.34920149110257626
131.11233186069875956 297.35971856862306595
131.18436782341450453 286.73994227964431047
129.85386567749083042 286.73276293836534023
129.81319667212665081 286.40077889617532492
130.65218728501349688 286.18727582506835461
130.53855246305465698 283.07031481433659792

[OBSTACLE]
107.09735032916069031 306.48366734571754932
106.68352495599538088 306.60963966418057680
104.89162705000489950 309.97005033679306507
105.01764013152569532 310.38384517002850771
108.11301052384078503 312.03436187189072371
110.19158867094665766 311.54994915518909693
110.94875895604491234 310.13011124078184366
110.19272056035697460 308.13418376166373491

[OBSTACLE]
316.20878017973154783 303.02497591171413660
315.74786350131034851 306.84448756650090218
316.16557281557470560 306.89158848207443953
316.45298103056848049 303.51669372711330652
322.62828501593321562 304.90660054609179497
332.80991931352764368 304.62543537840247154
332.87120567634701729 304.21933734137564898
322.92466919496655464 304.51601735036820173

[OBSTACLE]
375.64843736961483955 302.86873966176062822
365.43483499158173800 303.18659683503210545
365.39186360687017441 303.60093279555439949
375.31177213136106730 303.29941152222454548
375.38922038301825523 306.69560431409627199
375.83928123209625483 306.68583439663052559

[OBSTACLE]
117.69900177605450153 300.46586317662149668
116.28489553555846214 301.90759304072707891
118.96116464212536812 304.41429670993238688
120.34163428284227848 302.93959343805909157

[OBSTACLE]
102.49968992359936237 296.50606625247746706
102.06917779799550772 298.99335203785449266
103.54907414410263300 302.86693439632654190
105.88828052300959826 303.28701576776802540
106.66594570782035589 301.57937904819846153
107.00709065422415733 296.82981602940708399

[OBSTACLE]
173.31952828075736761 282.44127978663891554
171.98911005910485983 289.83790943212807178
155.21660412102937698 285.77907791826874018
155.20116246584802866 285.58152347709983587
147.96348966471850872 285.44606279022991657
147.95948916580528021 285.65878458693623543
143.88013883307576180 285.59219705592840910
146.79256187751889229 296.88528274465352297
174.42785986233502626 302.78155989851802588
176.84653728269040585 300.90396386198699474
178.81186867598444223 291.48897026851773262
173.18923918437212706 290.12833245657384396
173.26529960986226797 289.76739494502544403
179.93477195873856544 290.96694426424801350
181.21281217969954014 283.86095617432147264

[OBSTACLE]
276.52893870603293180 300.49303965363651514
273.82834903895854950 302.08997422829270363
274.04228236246854067 302.45142659917473793
276.76071601174771786 300.83920317795127630

[OBSTACLE]
310.70572962798178196 299.37819995172321796
310.40852313209325075 299.67472343426197767
312.82326641678810120 302.17951035965234041
313.17087088711559772 301.84899859689176083

[OBSTACLE]
275.61469532083719969 281.66601705737411976
272.68465230055153370 282.26473820768296719
272.67766723129898310 282.50721629988402128
274.36086150258779526 282.19381447322666645
274.47376929409801960 282.49013740848749876
249.46325852628797293 297.61869963165372610
249.25323663745075464 297.38083296734839678
250.26421226002275944 296.09998661465942860
250.05271639395505190 295.85379979293793440
247.99181462358683348 298.48256211448460817
248.40992696024477482 298.74708071444183588
275.75048522930592299 282.17785012722015381

[OBSTACLE]
304.98000011313706636 284.98000016808509827
304.98000011220574379 290.54067959170788527
304.69774572085589170 290.61581060662865639
301.82799320481717587 285.60716367233544588
298.81485146470367908 287.37155487854033709
299.07626666314899921 287.69474899675697088
301.73791186790913343 286.14656840544193983
304.98000011313706636 291.95364165026694536
304.98000011313706636 294.99999992549419403
306.73037359584122896 294.99999992549419403
308.07944031897932291 297.47864130046218634
308.53662867750972509 297.21626627817749977
307.31953279487788677 295.19296132028102875
307.42864169087260962 294.99999992549419403
314.99999987054616213 294.99999992549419403
314.99999987054616213 284.98000016808509827

[OBSTACLE]
287.84840616211295128 293.79533009137958288
284.84217865020036697 295.57131231017410755
285.10579414386302233 295.89255990274250507
288.06158516276627779 294.15548067167401314

[OBSTACLE]
349.99228226579725742 286.84468472748994827
349.89317726064473391 287.06765579804778099
351.43563694972544909 287.52949883509427309
351.39788294490426779 287.84678062237799168
346.42763223964720964 288.11570533365011215
346.39889165200293064 288.53216078039258718
352.81026735901832581 288.24067919142544270
352.95751183573156595 287.81782547570765018

[OBSTACLE]
375.34318454004824162 270.90229436103254557
374.92329735588282347 270.90380586590617895
374.87908635288476944 286.90566867962479591
360.56026104930788279 287.47331104893237352
360.49072144459933043 287.16457140259444714
362.00596098043024540 286.51775343995541334
361.93811354320496321 286.20038231927901506
358.87029790040105581 287.52013434842228889
359.11078826524317265 287.95423516258597374
374.88742128945887089 287.23699373006820679
375.46746822260320187 287.32390221115201712

[OBSTACLE]
333.39478706195950508 282.03596493788063526
330.37500758469104767 283.82100199628621340
329.71125135105103254 285.84947844408452511
330.52625091373920441 287.23340983223170042
332.62417400442063808 287.62594857998192310
335.64394425880163908 285.84091654419898987
335.75160632375627756 285.42198123410344124
333.81372067984193563 282.14362264983355999

[OBSTACLE]
330.16021329537034035 268.34719174355268478
327.22372825164347887 268.91650892235338688
327.22319430764764547 269.15945885051041842
328.82774714007973671 268.90724290441721678
328.93393243569880724 269.20305010024458170
322.03541697841137648 273.27631049696356058
321.98122087307274342 273.18476041499525309
321.71969659347087145 273.33958572335541248
321.58595058321952820 273.10908182151615620
314.64908386487513781 277.13403910119086504
320.28002941701561213 286.83873632829636335
327.21688800118863583 282.81375884823501110
322.03080396726727486 273.87577148620039225
330.27429989166557789 268.85870692413300276

[OBSTACLE]
404.09915204439312220 253.39106970466673374
389.69182975310832262 253.99563802126795053
390.29297812841832638 268.32162111811339855
390.08367499057203531 268.32962965685874224
390.74219964165240526 285.53704201243817806
398.75632530171424150 285.23035334609448910
398.10329326521605253 268.16624207887798548
398.41104134917259216 268.15296872239559889
404.43514130264520645 261.39808068517595530

[OBSTACLE]
283.86035681422799826 276.80068971402943134
278.29705450031906366 280.15383759513497353
278.51465730741620064 280.51310011185705662
284.00446749571710825 277.18800719175487757

[OBSTACLE]
352.69375417567789555 256.01686286274343729
349.74351986590772867 257.67614282295107841
349.40854494832456112 257.06429655011743307
332.86519585456699133 266.85778942611068487
333.07118975836783648 267.22370156645774841
340.13756297994405031 263.04035015590488911
347.28775735292583704 275.75366788823157549
354.35114763490855694 271.75997081957757473
356.63812885526567698 262.99299443233758211

[OBSTACLE]
153.50022056512534618 256.86159247066825628
144.88974275905638933 257.26535955350846052
145.70097928028553724 274.56634734384715557
154.31145751476287842 274.16258069034665823

[OBSTACLE]
232.42269995156675577 272.33761169388890266
231.59761172253638506 272.93729998078197241
232.19730000942945480 273.76238820981234312
233.02238823845982552 273.16269992291927338

[OBSTACLE]
283.71124407835304737 266.58612676057964563
281.42979217320680618 266.91034221928566694
280.04579668119549751 268.75282611232250929
280.37001214828342199 271.03429784998297691
282.21250591240823269 272.41828344017267227
284.49396778363734484 272.09407785907387733
285.87795336358249187 270.25157378800213337
285.55374778993427753 267.97009218577295542

[OBSTACLE]
127.62957243341952562 255.80293797887861729
119.22454551700502634 256.19452608097344637
119.62550860270857811 264.79943399690091610
122.44983786251395941 267.27645689155906439
130.85465447697788477 266.88483357056975365
130.45839627366513014 258.37992683053016663

[OBSTACLE]
183.92691556084901094 264.09778253268450499
183.05120577011257410 264.35311681684106588
182.90746527537703514 265.26856300700455904
183.50479066930711269 265.90830313228070736
184.38031380623579025 265.65302339848130941
184.59101478848606348 264.74786859005689621

[OBSTACLE]
309.31177759077399969 246.77688509225845337
306.72791334800422192 248.16110407654196024
305.39928001258522272 247.85074087977409363
298.52676039934158325 251.97306833509355783
298.97347802296280861 252.71781730279326439
298.64157929364591837 252.91063691303133965
305.48471207078546286 264.68774794973433018
322.37194428220391273 254.69878826104104519
322.24023645929992199 254.20383948832750320
319.25974054634571075 254.75484279636293650
319.27566607668995857 254.99806403089314699
321.16149109695106745 254.65020699240267277
321.27034880872815847 254.95456469710916281
318.24807642586529255 256.62359167821705341
314.22211366333067417 249.91173522733151913
310.19901546090841293 248.97195234801620245

[OBSTACLE]
107.10048553161323071 255.31505238357931376
106.85512251034379005 264.03160445764660835
117.47101455740630627 264.33044744003564119
117.71637757960706949 255.61392540950328112

[OBSTACLE]
374.76351919490844011 254.50375751219689846
374.76425027288496494 254.60815771762281656
371.79432605952024460 254.62815278489142656
371.76779974903911352 255.02882656082510948
366.05726327653974295 255.03272680472582579
366.06273699179291725 263.05272685829550028
374.08273662161082029 263.04725314304232597
374.07727655302733183 255.04662119131535292
374.76698398403823376 255.00109679345041513
374.76784990634769201 255.12531804572790861
374.96060602180659771 255.12381067499518394
374.87720726802945137 258.12388669885694981
375.29723864886909723 258.12238505668938160
375.38745482824742794 254.59021141938865185

[OBSTACLE]
158.29377017356455326 259.99692896381020546
158.00426283385604620 260.30121116805821657
160.29447287879884243 262.48065124824643135
160.53087669983506203 262.13901614490896463

[OBSTACLE]
282.18018021248281002 255.21762717142701149
281.91042710654437542 255.64115091692656279
285.26572687923908234 261.11016892269253731
285.62408382911235094 260.89112704992294312
283.04368014447391033 256.68738036789000034
283.28035600110888481 256.47581999190151691
284.56808298267424107 257.48035046085715294
284.81303297448903322 257.26747586019337177

[OBSTACLE]
183.25877797976136208 234.86985794827342033
170.94445787090808153 247.04946242086589336
177.00612202938646078 253.17812186665832996
189.32044211309403181 240.99855773430317640

[OBSTACLE]
372.99614536762237549 225.38993268460035324
372.60081956442445517 225.43634148128330708
371.54542475007474422 228.22601480875164270
371.75525115896016359 228.34996566548943520
372.28698771074414253 226.51773014757782221
372.60936113446950912 226.55878512654453516
372.94078258052468300 237.93988032732158899
372.84133944939821959 238.04553326498717070
372.94300391711294651 238.23445110209286213
350.87589217629283667 238.78818296361714602
350.87298824079334736 238.68625865597277880
350.22981047909706831 238.77564969472587109
350.24382718559354544 238.89760403707623482
339.67168999835848808 244.35943822562694550
339.67168999928981066 239.86964993737637997
334.65168987773358822 239.86963015142828226
334.65169860050082207 242.92737676296383142
334.37614688277244568 243.00615075044333935
326.98315476253628731 231.13246203120797873
327.21928095724433661 230.91943289339542389
328.49941725283861160 231.91224352736026049
328.69444946385920048 231.66052620857954025
326.11715669650584459 229.64989188406616449
325.83512539044022560 230.07936437893658876
334.65171004179865122 244.35959829483181238
334.65171004179865122 244.88961969595402479
334.97894154954701662 244.88962968531996012
335.87027381360530853 246.33332364819943905
334.01443329825997353 247.45792142488062382
332.91064753476530313 245.51023090910166502
333.78326783422380686 244.95570767857134342
333.23473816923797131 244.09572309534996748
332.40838005673140287 244.62396410200744867
329.98134606704115868 240.34134760312736034
331.03192356787621975 239.71292754076421261
330.81548111792653799 239.35281777940690517
329.10308065917342901 240.44472541566938162
329.27719305362552404 240.71768490225076675
322.99416937679052353 244.27841055858880281
327.03734508808702230 251.41274773888289928
324.90529314894229174 252.73150303121656179
325.09803382772952318 253.06019667070358992
336.51977968681603670 246.44817190710455179
350.31054146587848663 239.37662725057452917
353.87728303205221891 239.11875102296471596
373.45834603998810053 238.63945992104709148

[OBSTACLE]
295.56556890811771154 237.13332607503980398
295.03165589272975922 243.73175093717873096
297.24442088510841131 243.91080392617732286
297.77834378927946091 237.31236911658197641

[OBSTACLE]
145.67578507121652365 230.55933307297527790
145.48311868496239185 241.07758988346904516
156.60089961811900139 241.29826636239886284
156.80959624703973532 230.78034048248082399

[OBSTACLE]
101.29880488384515047 232.99520399421453476
101.31354106031358242 233.32374744489789009
101.13706402294337749 233.54332806915044785
108.42772547435015440 240.06675414834171534
108.71345075685530901 240.09782913140952587
108.70334808155894279 240.20886946562677622
111.83350164350122213 240.92093098815530539
115.75281032640486956 240.74286629911512136
115.78953065257519484 240.36696220561861992
115.27127300575375557 240.26248461008071899
111.94622579030692577 240.41327785793691874
108.76635383535176516 239.67203016113489866
102.69968704227358103 234.26040824037045240
102.87149329576641321 233.98824225086718798
104.19867041241377592 234.54589096922427416
104.37761831283569336 234.27515392098575830

[OBSTACLE]
184.89057212695479393 235.14357498940080404
184.60268159676343203 235.44940889067947865
189.43920261412858963 240.02498834952712059
189.75726826954632998 239.72386857215315104

[OBSTACLE]
129.28208951931446791 228.09586494695395231
118.76509207021445036 228.11176513973623514
118.77380785532295704 239.24303570482879877
129.29381042253226042 239.21585420519113541

[OBSTACLE]
326.66040723584592342 232.97490371949970722
323.64063702616840601 234.75993358157575130
322.97309240140020847 236.78717232774943113
323.79188046324998140 238.17234481405466795
325.88980412762612104 238.56488044653087854
328.90957448817789555 236.77985049411654472
329.01722609158605337 236.36091729346662760
327.07935075834393501 233.08255571778863668

[OBSTACLE]
291.21227681543678045 236.24785946402698755
290.15784937795251608 237.47772298194468021
291.38772286660969257 238.53215041756629944
292.44215073902159929 237.30227692145854235

[OBSTACLE]
403.23895777296274900 207.79632783960551023
388.91915786545723677 207.87095241621136665
388.96095222420990467 215.89083183184266090
389.91260488424450159 215.88587187323719263
389.91836208011955023 216.26201173756271601
388.29945917055010796 216.30313700251281261
388.65747535694390535 230.39633398223668337
388.45034210663288832 230.40656468551605940
388.83665309473872185 238.44505319185554981
396.84603665396571159 238.03231351356953382
396.47255971562117338 230.42012656573206186
396.68052074220031500 230.41484265215694904
396.31059991009533405 215.85252589453011751
403.28076200932264328 215.81619781628251076

[OBSTACLE]
298.69519154541194439 229.24227702897042036
296.75662604253739119 230.32402323745191097
300.01952795591205359 236.08049074560403824
301.95958086755126715 235.00147912651300430

[OBSTACLE]
319.78855773434042931 227.95376131124794483
317.12411448545753956 228.81219447404146194
309.52724776603281498 233.57336221169680357
307.96198260039091110 235.47753177490085363

[OBSTACLE]
89.88000002223998308 204.15000956598669291
89.88000002223998308 204.60211053863167763
88.13186799269169569 204.65005707927048206
88.53893830161541700 221.93059112038463354
89.37167382147163153 221.91110959276556969
89.44199084118008614 222.39676237013190985
96.53322693891823292 229.28297449555248022
96.93142959196120501 228.99792592599987984
95.54784328397363424 226.19860785827040672
95.36639062594622374 226.34453794267028570
96.00230083893984556 227.58767688646912575
95.74324622750282288 227.77933150529861450
89.91563951876014471 222.13167552649974823
90.00781925767660141 221.89622721634805202
97.15663120616227388 221.72898351680487394
96.80345501936972141 206.63088459987193346
100.02140111010521650 205.42266729660332203
99.78292059339582920 204.92062955070286989
96.76346791442483664 204.92076947912573814
96.75156165100634098 204.41368836071342230
94.70633071474730968 204.46977557055652142
94.71342440135776997 204.15028059668838978

[OBSTACLE]
173.23937070369720459 224.17828407976776361
172.95156482513993979 224.48412905074656010
175.25262775365263224 226.64977487549185753
175.54053662344813347 226.34392196964472532

[OBSTACLE]
128.41922535281628370 203.43843339011073112
109.66531978175044060 204.18688446935266256
109.64214939065277576 204.70583080593496561
108.50533093884587288 204.67191405221819878
108.50022255443036556 204.89709365367889404
106.11111768148839474 204.91763066127896309
105.94572512526065111 205.38340964354574680
108.81894341111183167 206.49783455766737461
108.94131409842520952 206.25515821110457182
107.48912992514669895 205.73221158236265182
107.53862119466066360 205.42150815203785896
109.62474884558469057 205.35946562234312296
110.03815584443509579 212.89894375763833523
120.41124109830707312 212.45433176774531603
123.09137391299009323 214.78885694406926632
122.99838922172784805 215.03589140065014362
122.78003433160483837 215.03514592256397009
122.74396628886461258 225.61438973899930716
131.56361936964094639 225.68513993732631207
131.64878019597381353 215.06542443577200174
128.14602847583591938 215.05346579756587744
128.13825982809066772 214.68269438669085503
131.62246629316359758 214.52470554225146770
131.21599249448627234 206.00746667757630348

[OBSTACLE]
188.43580498732626438 203.69296797923743725
182.49227519240230322 209.07756306510418653
191.72626144625246525 219.41073534917086363
197.54222877230495214 225.49146228376775980
201.15740855690091848 225.48965797945857048
207.03710764553397894 219.87708584219217300
207.39819254819303751 220.29456180892884731
215.34900829568505287 213.38738885521888733
208.06640774477273226 204.98395385593175888
200.11640187166631222 211.87362503819167614
201.66825274843722582 213.66825001686811447
201.56595984380692244 213.89055139664560556
197.63755936361849308 213.87203102745115757

[OBSTACLE]
152.72887778002768755 204.20955782476812601
145.50883650593459606 204.22550203185528517
145.58046313002705574 215.54520155489444733
152.73556156177073717 215.52955815661698580
152.77235491387546062 215.73140018805861473
156.28867832571268082 215.51347251050174236
156.27770634368062019 215.41296305879950523
166.18580312281847000 214.73397469893097878
165.52288698125630617 211.02056870516389608
165.06586528848856688 211.10212602932006121
165.72125513851642609 214.50854508485645056
156.25438868068158627 215.19936032872647047
156.24290229566395283 215.09413866885006428
152.75347640924155712 215.32149868924170732

[OBSTACLE]
216.94566681049764156 201.25270627904683352
216.63044643960893154 201.53027331922203302
220.82006160728633404 206.28836484812200069
215.77388000767678022 210.50323475059121847
216.01150119584053755 210.84981744270771742
221.36684241332113743 206.27379912696778774

[OBSTACLE]
415.47940829303115606 204.54019230511039495
413.77458232361823320 205.82425261475145817
413.05556343216449022 209.25768386106938124
413.29219583608210087 209.61973856296390295
417.01970486715435982 210.40030665230005980
417.38173886947333813 210.16363374050706625
418.10075786523520947 206.73020199872553349
417.05429097823798656 204.86999218072742224

[OBSTACLE]
266.18245294503867626 199.84565504547208548
265.75420510862022638 200.14091575890779495
271.46371823549270630 208.26198812201619148
271.69359786715358496 207.97798815462738276

[OBSTACLE]
414.96266433969140053 191.11960642505437136
414.59431827068328857 199.22546575870364904
420.80729935877025127 205.82008570712059736
428.81313569471240044 206.18391365930438042
429.46774382516741753 191.77877413202077150

[OBSTACLE]
452.31712033599615097 197.70803278498351574
451.62805334571748972 199.06284971628338099
452.71248579863458872 199.61443398520350456
452.62930600345134735 199.91391706373542547
451.27482621185481548 199.81718222051858902
451.04912345949560404 203.02927460055798292
452.66493186261504889 203.14278905093669891
452.98822557367384434 199.74145638756453991
453.67194644454866648 198.39715037681162357

[OBSTACLE]
199.04171484522521496 196.99274031724780798
198.92583722248673439 197.20718499831855297
200.77754372730851173 197.93556682672351599
200.71298126224428415 198.24882062803953886
195.17159581743180752 197.99261333979666233
188.91546337027102709 200.90630447864532471
189.08888660557568073 201.28870735969394445
195.32927160710096359 198.49808500241488218
201.66957131214439869 198.69912181980907917
201.82736277114599943 198.08848510961979628

[OBSTACLE]
204.92562245484441519 198.38260758481919765
204.91228773351758718 198.80239763017743826
211.26903741899877787 199.00428247172385454
211.28237259108573198 198.58449242636561394

[OBSTACLE]
391.79366040416061878 175.67034563701599836
380.04891244508326054 176.34866784326732159
380.16214260645210743 185.48617681954056025
383.94253905024379492 192.20752851758152246
390.21680644154548645 195.07945069484412670
392.51767804101109505 186.39856999367475510

[OBSTACLE]
226.07887414190918207 189.27161540277302265
223.17619696725159883 191.24140827637165785
223.09575655683875084 191.66640680190175772
225.23328020144253969 194.81745238602161407
225.65810776595026255 194.89879030920565128
228.56077405251562595 192.92905477154999971
229.10070281382650137 190.86414954997599125
228.19717662874609232 189.53273022454231977

[OBSTACLE]
237.31821917276829481 186.91566040739417076
236.97409996762871742 187.15911259595304728
240.82691757846623659 192.60391140263527632
238.03202099632471800 194.60126903653144836
238.25712899398058653 194.88777560647577047
241.37186228577047586 192.64691412076354027

[OBSTACLE]
181.81804228760302067 179.38297112099826336
181.26308732852339745 189.88834349531680346
192.36674261465668678 190.49182809609919786
192.93762780725955963 179.98735751863569021

[OBSTACLE]
148.16304315626621246 140.78083461895585060
145.00530179776251316 142.21405761316418648
144.86155301891267300 142.57457863073796034
135.20114962384104729 146.17656294815242290
134.94463516492396593 153.22535322699695826
139.77306819520890713 157.50479832291603088
143.75866385828703642 163.58498766180127859
144.50350935291498899 171.88623381499201059
142.09593888837844133 172.19685371778905392
142.32620059233158827 177.89952692762017250
147.08621932379901409 177.83705752436071634
147.09489587787538767 178.21319885365664959
144.36776025407016277 178.30323612410575151
144.73105063289403915 188.81702421698719263
156.03789822850376368 188.44369277823716402
155.96655777469277382 189.51491349935531616
164.36228851880878210 190.07399115618318319
166.92911077383905649 187.73337854724377394
167.48824247997254133 179.33798655029386282
159.34920056629925966 178.79595479089766741
159.36720789596438408 178.14824540819972754
166.91310041490942240 178.63369326852262020
168.11907362751662731 167.61225455813109875
168.42435594368726015 167.66762432549148798
169.71192369703203440 160.56334056984633207
169.51871407590806484 160.52838263753801584
173.20923787262290716 150.54481202177703381
163.29742893576622009 146.85124040301889181
163.00401721708476543 147.63670866284519434
161.50815393682569265 146.97773535829037428
161.55342407245188951 146.86385913006961346
155.76363279111683369 144.44676256366074085
155.98399399127811193 143.89400939550250769

[OBSTACLE]
92.74999989569187164 178.18999800831079483
92.74999989476054907 178.79055977240204811
87.92555705737322569 179.06857355311512947
88.13961180765181780 187.47981516458094120
90.70603285357356071 189.82099924143403769
99.11735130380839109 189.60694253537803888
98.91348983999341726 181.59533645771443844
95.95367056038230658 178.84741955064237118
95.26973055582493544 178.79077178705483675
95.25190733280032873 178.19050193019211292

[OBSTACLE]
123.45999995712190866 174.57000015676021576
123.45999995619058609 175.17051112651824951
122.03549399692565203 175.24531155265867710
122.04430645611137152 188.96480646263808012
130.06430651620030403 188.95969351101666689
130.05549398437142372 175.24008475989103317
128.28009030502289534 175.17038821056485176
128.28569365572184324 174.57000015676021576

[OBSTACLE]
261.12092545442283154 182.09746898617595434
258.86411213316023350 182.56324379518628120
257.59754619747400284 184.48846039362251759
258.10194151848554611 186.71222035214304924
259.98840164020657539 188.01165583357214928
262.24534788727760315 187.54595667589455843
263.51183091569691896 185.62073542643338442
263.04607628658413887 183.36392198130488396

[OBSTACLE]
284.15606963261961937 177.43907763063907623
282.82461018860340118 178.34257325995713472
282.56357535254210234 180.46090592723339796
284.53331125434488058 183.36354248970746994
284.95813726168125868 183.44490072876214981
288.10937254689633846 181.30654895957559347
288.19071069266647100 180.88171247672289610
286.22097476571798325 177.97897583339363337

[OBSTACLE]
449.32917493674904108 181.10076927579939365
449.28518307209014893 181.61889905575662851
454.06878348812460899 181.98621212597936392
454.10110925044864416 182.30210150033235550
452.65368695557117462 182.71923980303108692
452.71703020669519901 183.03542246110737324
455.83662509545683861 182.13491048105061054
455.74008617084473372 181.59332253597676754

[OBSTACLE]
228.43979960307478905 173.63087596278637648
228.09614386036992073 173.87067219894379377
228.52477998379617929 174.63969612214714289
227.68237991165369749 174.67012087441980839
226.17471582628786564 177.69611437991261482
227.91494867391884327 178.99602253921329975
225.20854914374649525 180.88394324947148561
220.67130185291171074 174.29696161393076181
220.22683208994567394 174.60555185284465551
225.10426840838044882 181.46848600916564465
228.34615822602063417 179.31812637951225042
229.20696452260017395 179.96110988967120647
231.52576935477554798 178.65444059018045664
230.80851749889552593 174.55719187110662460
229.12831428553909063 174.61790987569838762

[OBSTACLE]
95.36370275262743235 154.86021169368177652
86.74741100519895554 155.11249683238565922
86.75419164635241032 155.34373243432492018
85.67150838486850262 155.30578367412090302
84.20345270354300737 158.16079883184283972
83.50714940112084150 161.76492330711334944
85.16929751820862293 172.32855656370520592
88.89324343204498291 173.45382956787943840
93.01776553224772215 172.25635857786983252
95.87078867852687836 172.17280295491218567

[OBSTACLE]
220.28088218253105879 168.22707655839622021
217.31426021922379732 170.29112626519054174
219.34374751709401608 173.29360659606754780
219.80909324064850807 172.96907474659383297
218.03158422838896513 170.42724737711250782
220.54882044438272715 168.61266453750431538

[OBSTACLE]
258.89925334695726633 146.14483146648854017
254.10033712815493345 150.18091604113578796
250.66144180949777365 150.38696486782282591
249.12657898757606745 153.48693890962749720
238.88234787341207266 160.54935628548264503
238.55308013316243887 166.68278568703681231
242.76585934776812792 172.31480051111429930
246.38004884030669928 173.00057988613843918
253.19877068698406219 169.37696465849876404
259.54171374347060919 161.47320543043315411
263.77904174011200666 152.88424149528145790
264.64936482254415751 152.13212774693965912
259.73235736787319183 146.44229475874453783
259.41517577785998583 146.71643451601266861

[OBSTACLE]
223.23137209657579660 166.16882614325731993
222.88909737020730972 166.40763690229505301
226.70342872012406588 172.05062333494424820
227.30756210442632437 172.73862453270703554
227.65013535227626562 172.49916492961347103
223.56502672936767340 166.43514092359691858

[OBSTACLE]
416.54116543103009462 151.48002581205219030
416.46390597149729729 151.86462450679391623
415.49975154828280210 151.65043448749929667
410.89448948856443167 156.34172446653246880
411.18965683318674564 167.31986602861434221
418.27399879507720470 171.26297855656594038
422.49632154870778322 167.32325268723070621
424.71766368113458157 158.99867206159979105
424.45741815026849508 153.64069323427975178
423.50901704188436270 153.42998159863054752
423.61975860502570868 152.90238311141729355

[OBSTACLE]
200.46523096319288015 168.72675374802201986
197.52371035795658827 169.89820937532931566
197.67910910770297050 170.28849092964082956
200.61475148331373930 169.11924528144299984

[OBSTACLE]
195.62216320540755987 144.39911611378192902
192.37746976688504219 145.64019731897860765
188.79009101912379265 153.25108169484883547
192.43783176876604557 154.97045594453811646
192.27882923372089863 155.31309200357645750
188.71415919531136751 153.68474894855171442
183.01344896946102381 166.16434077359735966
190.30834100767970085 169.49665090627968311
196.00905080512166023 157.01705908216536045
195.91254527494311333 156.71615389548242092
199.80848736967891455 155.23868925962597132
212.05510185286402702 161.25357677042484283
215.60327710397541523 154.06108484510332346

[OBSTACLE]
118.32126936782151461 141.05843398254364729
118.00125610269606113 141.21669230982661247
118.18848574254661798 141.59035119693726301
116.48817079514265060 142.49391258321702480
116.81250824220478535 142.62307844776660204
118.33395081199705601 141.88084600120782852
121.82977979443967342 148.93863809294998646
120.63380290102213621 149.55817868653684855
119.33852106425911188 147.69252611231058836
114.36269758641719818 146.19956857431679964
112.48772649187594652 149.08475681301206350
113.21592215914279222 157.07189325522631407
114.82699487078934908 162.93280525878071785
117.92431897018104792 166.85595589783042669
121.95069898013025522 166.89280124660581350
121.71958987321704626 164.44707246404141188
128.56553640309721231 160.89619567245244980
121.72268162760883570 147.42305512633174658
121.53430364932864904 147.44418627955019474

[OBSTACLE]
211.05448574200272560 162.09565363917499781
209.29123045690357685 165.21151208877563477
206.36811027768999338 166.37570944894105196
206.52350899577140808 166.76599092315882444
209.45151180494576693 165.59974815323948860
209.73877502977848053 165.34648864902555943
211.45319394394755363 162.31633916776627302

[OBSTACLE]
282.96899809781461954 161.70252321474254131
282.43555414490401745 162.01953230425715446
284.39798252377659082 165.02530857361853123
284.75548772048205137 164.80593779776245356

[OBSTACLE]
391.29539865162223577 158.05040590371936560
389.03090753126889467 158.47714004665613174
387.73137569427490234 160.38018162548542023
388.15813994221389294 162.64472266007214785
390.06116136722266674 163.94419390987604856
392.32568258233368397 163.51745976787060499
393.62518389336764812 161.61441861838102341
393.19845017325133085 159.34987758379429579

[OBSTACLE]
293.71182457078248262 155.21131973434239626
288.21788934897631407 158.58371284604072571
288.33308842405676842 158.77105413936078548
293.80103267077356577 155.41062456928193569

[OBSTACLE]
345.54147015232592821 140.31127791572362185
344.19362583942711353 148.31281410623341799
349.56175423320382833 155.61168829165399075
357.46447014249861240 156.94282199908047915
359.85975225269794464 142.72319988347589970

[OBSTACLE]
88.80817239265888929 142.64204830210655928
87.73111077863723040 144.93089147657155991
86.52092851605266333 144.36104280781000853
83.83164430037140846 145.26221739593893290
82.84368483070284128 146.96504812501370907
84.86926564108580351 150.84056942351162434
88.95104610919952393 151.20859880931675434
93.13695981539785862 150.28279475774616003
93.08107565809041262 147.44999679736793041
88.01872467435896397 145.06637357082217932
88.96951074618846178 142.99807685241103172
90.50407164357602596 143.74729511048644781
90.56899456307291985 143.55274848267436028

[OBSTACLE]
243.90075562708079815 124.89070683624595404
238.72394373640418053 131.00858136918395758
239.12993682734668255 135.02752420958131552
244.23829664010554552 139.35006336122751236
230.97027691546827555 149.11942942906171083
226.87721921037882566 143.96287303976714611
226.52443651389330626 144.19112839270383120
230.93213457241654396 149.66903303842991590
244.56789059750735760 139.62895577121526003
245.24770425166934729 140.20419346913695335
250.68288685195147991 133.78090602252632380
250.32387045584619045 130.32566507253795862

[OBSTACLE]
416.24764027632772923 140.97785518411546946
415.47592482808977365 144.32101775798946619
430.63467432465404272 147.91621691547334194
430.58793255966156721 148.09159758873283863
431.40874293539673090 148.30041218362748623
431.59329394251108170 147.50130623485893011
430.79463187512010336 147.31688179913908243
430.74242882709950209 147.51239366643130779
415.76369230635464191 144.05101293697953224
416.46125950198620558 141.03065514378249645

[OBSTACLE]
439.76365338638424873 85.49950334709137678
438.06378501933068037 93.31665781699120998
419.07843879330903292 88.89299063105136156
419.11346320342272520 88.72974246088415384
418.29220618028193712 88.50579134933650494
417.46294249966740608 92.24929992109537125
418.99055377952754498 89.29220874886959791
444.29706094600260258 95.16669437941163778
441.44726716075092554 107.81592599768191576
434.10773472581058741 105.95904669258743525
428.77756034769117832 127.24140944145619869
436.54562888853251934 129.15435094013810158
432.19749783352017403 147.89698652643710375
432.60668806824833155 147.99169739894568920
444.76632654294371605 95.44560191594064236
445.04993728175759315 95.44922668114304543
445.05950125027447939 94.85856443736702204
445.89634670130908489 95.04049611091613770
447.60049640107899904 87.20365315396338701

[OBSTACLE]
410.10135180223733187 139.46042512450367212
408.53622408583760262 142.38582261931151152
397.86592171248048544 139.91786078177392483
397.72363049071282148 140.30999711249023676
408.44190665427595377 142.79119732510298491
408.41429005563259125 142.91302933171391487
409.28512701578438282 143.15040855389088392

[OBSTACLE]
99.08167085889726877 116.00395036954432726
93.41685740184038877 117.16783544514328241
91.91317305248230696 119.90865079499781132
92.49125905428081751 126.49423027969896793
90.66579350922256708 132.05490691121667624
89.56829081196337938 137.89820972830057144
90.61864814721047878 138.77730227634310722
90.53428435791283846 138.95504781510680914
90.78432521410286427 139.14509196858853102
90.86256379727274179 138.98143939767032862
93.77861612476408482 141.42209198046475649
97.41688317526131868 141.13348081056028605
99.11126668099313974 138.54266398772597313
99.70114794000983238 138.81174840498715639
100.61486684065312147 136.80855365470051765
105.35252489428967237 137.81814942788332701
110.85750465933233500 134.83152574393898249
111.58331975061446428 132.70177431683987379
113.36872147396206856 131.83513815794140100
116.08360239304602146 137.34812942333519459
114.51964735705405474 138.11456341575831175
114.66908627841621637 138.24788300320506096
116.46243880596011877 137.44057176075875759
113.64140948094427586 131.70280871540307999
113.75616351701319218 131.64713094569742680
111.82613017316907644 127.67083807289600372
111.19995327945798635 127.97470171377062798
109.20076413732022047 120.95653430372476578
109.74176481552422047 119.84307553246617317
102.17343623843044043 116.16594285611063242
100.66559074446558952 116.72239673417061567

[OBSTACLE]
210.95766843389719725 105.27513754833489656
204.04519094061106443 121.13501173257827759
203.50078450795263052 120.95284249261021614
200.32083096541464329 128.74246637709438801
201.73169570043683052 131.91693779826164246
209.52167895436286926 135.09693788457661867
209.76218728255480528 134.50777777656912804
219.95848341379314661 139.18155728932470083
222.96700740698724985 132.61817655619233847
212.49338457733392715 127.81731300055980682
212.55060254316776991 127.67714928369969130
211.15821007732301950 124.51985930558294058
211.34136793576180935 124.33591312449425459
211.93957156408578157 124.59666308388113976
218.85973273403942585 108.71922848373651505

[OBSTACLE]
396.03847431764006615 83.40041926037520170
395.94346687477082014 84.22046547196805477
396.14866607543081045 84.21926993038505316
386.37075999286025763 137.69429367221891880
390.14108313340693712 138.56499368324875832
390.23552318941801786 138.15611318219453096
386.93282837606966496 137.28139804210513830
395.20741593465209007 92.11020846944302320
409.15174549631774426 95.27886738162487745
410.92423864733427763 87.47863402124494314
411.73810254037380219 87.73796809744089842
411.08304182905703783 90.76280943118035793
411.29732570704072714 90.81264015194028616
412.02342898305505514 87.45791929773986340
396.78366791736334562 83.69653390068560839
396.84410037007182837 83.42548080533742905

[OBSTACLE]
269.35679119173437357 134.63978382665663958
267.35979653336107731 137.08806102164089680
267.63465512730181217 137.32241815049201250
269.67738382145762444 134.91143482364714146

[OBSTACLE]
344.20881946571171284 126.24649920500814915
343.45653302595019341 126.75173005368560553
341.74626103602349758 135.77946966420859098
342.25145706441253424 136.53170868102461100
344.90400086622685194 137.11307346634566784
345.01879803463816643 136.50352376233786345
343.00813605170696974 136.12481214012950659
342.44330802932381630 135.34130079392343760
343.86356995720416307 127.50835291109979153
344.64717790577560663 126.94343402422964573
346.75476283300668001 127.28523162659257650
346.86950701475143433 126.67596326954662800

[OBSTACLE]
310.42307761963456869 128.03601944632828236
310.20175221003592014 128.39018149580806494
313.67550838831812143 130.56070088222622871
311.82123089116066694 133.21339070145040751
311.97204470727592707 133.29645963292568922
310.29787243250757456 135.97342234477400780
308.94059680681675673 135.12527019251137972
308.68564491532742977 135.57844658941030502
310.43170908745378256 136.55174393486231565
314.28492331970483065 130.44984502345323563

[OBSTACLE]
275.01412410661578178 127.94012104254215956
274.14838160760700703 128.93623126484453678
279.55314252898097038 133.70541527867317200
280.42647509369999170 132.71551636885851622
280.11152681708335876 132.43768579140305519
279.51607761345803738 133.11258494295179844
274.73230106756091118 128.89162668865174055
275.34808766003698111 128.23594116326421499

[OBSTACLE]
299.99328384455293417 121.51610957831144333
296.17076127976179123 127.66392557602375746
304.61206512991338968 133.03304813243448734
304.88732782378792763 132.59250348526984453
296.82135590910911560 127.57222700864076614
300.34936043713241816 121.73854086454957724

[OBSTACLE]
395.89825589209794998 126.78076342027634382
395.53618919756263494 127.01740366220474243
394.82560261804610491 130.45252297446131706
395.86356077622622252 132.31105366908013821
397.43850156944245100 132.64091807231307030
399.14334738347679377 131.35682717990130186
399.86235649418085814 127.92339547909796238
399.62569399178028107 127.56136136502027512

[OBSTACLE]
288.71355685126036406 112.93969779554754496
285.32988909445703030 113.72566949296742678
280.76763010863214731 120.72546635661274195
281.23956271260976791 121.02915318310260773
280.75403364561498165 121.42885502055287361
281.03300835005939007 121.67378091905266047
280.93465259112417698 121.77816132176667452
281.59423305466771126 122.34495454188436270
281.79472956713289022 122.96353996731340885
281.85071385558694601 127.51344041060656309
281.01519454177469015 130.62315805163234472
281.45519592612981796 130.91479288414120674
281.02456638310104609 131.40288170240819454
281.33872079849243164 131.68013513553887606
281.87360716331750154 131.19214505050331354
283.39963255450129509 132.20362907554954290
287.22424476686865091 128.89461691025644541
290.46144480071961880 124.46021287515759468
291.38742807134985924 124.24794099479913712
295.75429627764970064 117.50654895976185799

[OBSTACLE]
375.37337491381913424 104.95704453252255917
373.62059637624770403 115.12132546864449978
366.49445554614067078 113.79053424578160048
363.97587439790368080 127.27739454898983240
371.85955431405454874 128.74956578109413385
374.37819593958556652 115.26280553173273802
374.02286065928637981 115.19644744414836168
375.78648336417973042 105.02834809664636850

[OBSTACLE]
301.68926383741199970 122.57611858006566763
301.41382081713527441 123.01691572833806276
308.99671049136668444 127.71263436786830425
309.25286411400884390 127.30463185813277960

[OBSTACLE]
278.66750508919358253 123.79793741740286350
275.92620388045907021 126.90458337217569351
276.24033274780958891 127.18165375944226980
279.04123091232031584 124.15911446139216423

[OBSTACLE]
359.74927934072911739 117.34826150536537170
351.30891954805701971 120.97933519072830677
350.96783392317593098 121.81885582394897938
351.96936377044767141 124.34296240285038948
352.53891360573470592 124.09722011815756559
351.72828439902514219 122.21860596258193254
352.06197584979236126 121.31214418821036816
359.34976105298846960 118.10877786111086607
360.25624850392341614 118.44245337601751089
361.15157000254839659 120.38084445707499981
361.72084649186581373 120.13521508406847715
360.58881836477667093 117.68932012747973204

[OBSTACLE]
405.13544501643627882 103.07995137013494968
401.06766149401664734 120.12110489699989557
415.87170502729713917 123.65494857728481293
419.93954878393560648 106.61369432602077723
419.48249486926943064 106.50463376101106405
419.77104816026985645 105.13647907041013241
417.30527924653142691 104.61635128408670425
417.03043471276760101 105.91928914096206427

[OBSTACLE]
185.93971374351531267 99.43499245215207338
181.41479238588362932 109.04278597608208656
184.66558909509330988 110.57376807741820812
184.65309095475822687 110.82783828955143690
181.14194905664771795 112.07713028602302074
177.38818916585296392 119.60738849081099033
185.00804567057639360 123.40579784475266933
188.63690187688916922 122.19126848597079515
192.39061092864722013 114.66091168485581875
189.16484423447400331 113.05291103105992079
193.82860778737813234 103.15031395852565765

[OBSTACLE]
302.31473770178854465 97.70270456839352846
300.41092050634324551 99.00107207614928484
299.98277653381228447 101.26531215291470289
301.28114487975835800 103.16915640141814947
303.84728733915835619 103.65438065398484468
303.29293792322278023 104.69769044499844313
310.32709058094769716 109.66022930387407541
311.81215210631489754 112.38487440906465054
314.28335367329418659 113.19116762187331915
316.04116121586412191 116.44599540438503027
318.65574576798826456 114.86280048638582230
322.35222630575299263 119.69652583543211222
328.63765995763242245 120.72772103268653154
329.25985394138842821 119.57673738431185484
329.85423981770873070 119.88799793459475040
330.91786496993154287 117.85677010007202625
331.24164792243391275 117.99672539066523314
330.88360031228512526 119.02985000889748335
337.34448498860001564 121.21111578401178122
338.23079746030271053 121.36801271792501211
338.37429795693606138 120.97191916778683662
331.41403771564364433 118.76198736391961575
332.47407279536128044 115.74103039782494307
332.08660787343978882 115.62479663919657469
333.38908282108604908 113.13743221852928400
333.01508192624896765 112.94415135122835636
333.15062496811151505 112.62070640455931425
345.58860701229423285 116.69656704273074865
343.55840038228780031 122.74983406718820333
339.67024937178939581 121.44353722687810659
339.51656601205468178 121.90033005923032761
343.82368535548448563 123.27906678617000580
345.04520456865429878 119.88062111567705870
346.07612422853708267 116.41978921089321375
342.67792430799454451 115.19832520745694637
333.24450260773301125 112.20582230854779482
333.29649478849023581 112.10960682760924101
323.44045791309326887 108.02241150941699743
323.55986242741346359 107.82416521012783051
311.76240644138306379 100.77098598331212997
311.59429095499217510 101.05210903845727444
305.97193210851401091 99.65561281424015760
305.82911834213882685 99.92435874324291945
304.57895345985889435 98.13083270844072104

[OBSTACLE]
231.93068789131939411 116.02199360635131598
231.06529207713901997 116.25024113990366459
230.84131922945380211 117.15224953088909388
231.49581958912312984 117.81199452839791775
232.37474572658538818 117.56968614831566811
232.59873455949127674 116.66761512961238623

[OBSTACLE]
336.65669792238622904 98.45239225868135691
336.05478613637387753 98.60119876172393560
338.53420782275497913 108.51589965634047985
339.10931801144033670 108.37380930129438639

[OBSTACLE]
118.37278384249657393 100.58396599441766739
116.34899231791496277 101.25762639287859201
115.65604269877076149 102.65418606903403997
116.53011536970734596 104.60152301378548145
119.71783726662397385 106.06366857886314392
120.13665148988366127 105.97492775600403547
121.71189680229872465 102.45205185748636723
121.56143447104841471 102.04653755016624928

[OBSTACLE]
61.48894995916634798 104.78270018845796585
61.37613982520997524 105.55800002068281174
62.12344915326684713 105.55800002068281174
62.23636175040155649 104.78270018845796585

[OBSTACLE]
69.12577321380376816 99.94335904531180859
68.69875527918338776 100.13976325187832117
67.11118350550532341 103.60089584346860647
67.26166588999330997 104.00636242702603340
70.45005981530994177 105.46891628112643957
72.50573820993304253 104.89536253735423088
73.16694663278758526 103.39846734516322613
72.29301802441477776 101.45145135466009378

[OBSTACLE]
329.96267682407051325 85.71335346903651953
325.37075252737849951 95.06400000769644976
325.69271211884915829 95.33600567560642958
330.00557315815240145 97.33749108947813511
331.43825764674693346 98.15750502608716488
334.72280816920101643 99.65913913864642382
335.30471418704837561 98.47423147037625313
334.92772216536104679 98.28911637607961893
334.53109474759548903 99.09672723989933729
330.27551178634166718 96.89581314660608768
326.01406823936849833 94.93206365220248699
330.15484121814370155 86.27502989768981934
331.59091802500188351 86.98028435558080673
331.82035993225872517 86.51307178754359484

[OBSTACLE]
374.22844672296196222 62.35248768888413906
372.40559642575681210 70.15665966272354126
374.59267496690154076 73.54277954343706369
371.26609360240399837 86.81765243224799633
378.12756161857396364 88.54983106069266796
376.40279116481542587 98.62023410480469465
376.80050904024392366 98.68977656774222851
378.53370778355747461 88.65243711508810520
379.04212172701954842 88.78074617031961679
384.31503744889050722 67.17892394959926605
382.42191221937537193 64.26617716811597347

[OBSTACLE]
334.63067808654159307 88.00461687613278627
334.40118448901921511 88.47193379420787096
336.40813749004155397 89.41236415971070528
336.29793746862560511 89.73478357121348381
335.06157108861953020 89.45768003445118666
334.30076479632407427 92.67762022558599710
336.76250940188765526 94.55287237931042910
335.53602566476911306 97.05036837607622147
335.91343767661601305 97.23568947799503803
336.27253266517072916 96.41136351320892572
336.39968816563487053 96.47172874771058559
339.31573741976171732 90.30621138028800488
336.11100899241864681 88.62044908851385117
336.03366226889193058 88.77100673131644726

[OBSTACLE]
93.56003401894122362 89.25885216239839792
91.87086159083992243 90.82628697808831930
91.78475210256874561 93.12906569335609674
93.35228770598769188 94.81823831330984831
95.65506562963128090 94.90424760989844799
97.34423824585974216 93.33681262191385031
97.43024754803627729 91.03403408080339432
95.86281256005167961 89.34486146457493305

[OBSTACLE]
305.32198012806475163 72.01250645145773888
301.50551163963973522 79.17331013921648264
300.90986469201743603 86.22233544103801250
305.36128747276961803 89.82928062882274389
310.69193651434034109 88.25382064096629620
311.08439637534320354 88.36789349466562271
311.15757867228239775 88.11614063382148743
312.44190097320824862 87.73656760435551405
319.18860494904220104 74.42646625544875860

[OBSTACLE]
328.06498744338750839 78.85894450917840004
327.64147187583148479 78.94735754653811455
325.72029514051973820 81.88236712198704481
326.01657600793987513 83.99629158060997725
327.39182799030095339 84.82954013627022505
329.41842197068035603 84.30320793669670820
331.34026100952178240 81.36718632373958826
331.17964903172105551 80.97302491776645184

[OBSTACLE]
282.12063098326325417 74.82606476824730635
281.69720211718231440 74.91445970721542835
279.62032330781221390 78.09909648541361094
279.69982456881552935 78.52413091715425253
282.63496696949005127 80.44542473275214434
284.74863161239773035 80.14917322620749474
285.62987227737903595 78.80288003105670214
285.05567050538957119 76.74719076789915562

[OBSTACLE]
53.11149883270263672 38.58668137993663549
50.72752918303012848 40.57455648295581341
48.60216046590358019 39.69944590609520674
46.94219532888382673 43.73090457916259766
45.15031279064714909 45.22505653835833073
43.25960572250187397 48.73365970421582460
43.08646302949637175 48.66080507636070251
42.32766971271485090 50.46307793445885181
39.61669218540191650 55.49375018756836653
35.37974863499403000 64.26154536008834839
36.32520147692412138 64.71936480980366468
36.09390332736074924 65.26873597130179405
43.48553731385618448 68.38079739641398191
43.55342808924615383 68.21949402149766684
54.49533620756119490 73.51784560922533274
54.17228696122765541 74.11838378477841616
54.56915019173175097 74.31424646265804768
54.77049164380878210 73.89359298162162304
54.41471876297146082 73.71862273383885622
60.70664115622639656 61.49417974520474672
67.25488671846687794 48.06251186504960060
67.46612430270761251 48.16668229456990957
69.04224661458283663 45.16261015832424164
68.77207977231591940 44.92984959017485380

[OBSTACLE]
411.33395044319331646 13.09664519410580397
411.31365587376058102 13.91815814003348351
411.42859530076384544 13.92090613488107920
399.62572326324880123 66.97092086635529995
411.43381858430802822 69.74926528427749872
414.87640146445482969 54.59224503021687269
415.04980438388884068 54.73204731568694115
415.15560413617640734 54.26577914785593748
416.99459181632846594 54.62593542598187923
418.53593542985618114 46.75540832895785570
410.46910824906080961 45.17566444631665945
408.92781445104628801 53.04609149787575006
411.39406015351414680 53.52909297775477171
410.04938402865082026 58.94189393613487482
413.26157757453620434 59.73989473748952150
411.51874289475381374 67.31856950465589762
411.18281747400760651 67.28181775566190481
411.15743266884237528 64.14546116720885038
405.83057998307049274 63.16432683542370796
406.11518773809075356 62.49545497633516788
402.49115595221519470 61.39981687907129526
400.54599284660071135 66.73736765794456005
400.14347995351999998 66.65179367922246456
406.44600002001971006 38.40042320825159550
414.35777340643107891 40.17194342706352472
416.73690970987081528 29.54608117137104273
416.93542401585727930 29.58704920671880245
424.42717361357063055 24.49149036407470703
425.94120104983448982 17.16364842187613249
427.03795991931110620 17.42862696852535009
426.38304193504154682 20.45280924532562494
426.59732548054307699 20.50263999868184328
427.32330606319010258 17.14832421485334635
426.01431812532246113 16.80980140529572964
426.04866487253457308 16.64347553160041571
412.08410930354148149 13.38650270551443100
412.15541274193674326 13.11782964318990707

[OBSTACLE]
313.60918547585606575 48.95099752303212881
311.47269249521195889 56.68117459863424301
324.68120486568659544 60.33176596462726593
324.71511085797101259 60.51819920353591442
337.92355224303901196 64.10018334444612265
338.15649417601525784 63.51690335106104612
349.15845831576734781 66.10102143045514822
350.80936163105070591 59.07235146779567003
339.96707486175000668 56.52570408582687378
340.01098163984715939 56.35612451378256083
326.78363833855837584 52.78596684522926807
326.83339215908199549 52.60592520516365767

[OBSTACLE]
22.03877524659037590 50.81340636499226093
18.34630647953599691 58.71302450168877840
27.96722450572997332 63.21009351778775454
31.65969370119273663 55.31047538109123707

[OBSTACLE]
431.08358104899525642 43.87605146411806345
430.44185462873429060 47.35335079580545425
429.89165123645216227 47.22894068714231253
428.12324131000787020 55.05154915526509285
439.06714887637645006 57.52545871306210756
440.83545861858874559 49.70285118650645018
433.38987809605896473 48.01976489182561636
434.05344862118363380 44.42408074066042900

[OBSTACLE]
367.50985314510762691 37.94670819491147995
365.29384811781346798 46.48386681359261274
375.57321686390787363 49.15209158509969711
376.54133675433695316 45.42234228271991014
376.90182018931955099 45.50572035554796457
376.16344758030027151 49.13640677835792303
384.50683612283319235 50.83312480803579092
387.69764374941587448 48.72085209470242262
389.37447214592248201 40.47549364157021046
380.93301502987742424 38.75875312741845846
378.00196129921823740 40.77968117315322161
377.78918152675032616 40.61493339110165834

[OBSTACLE]
35.61695483885705471 43.06367772165685892
33.02043666504323483 45.56054224539548159
34.42504487186670303 46.97232250124216080
37.02156304568052292 44.47545754630118608

[OBSTACLE]
28.16183619480580091 33.89887418970465660
23.86917401477694511 43.93976391013711691
30.87586407270282507 46.93512598425149918
35.16842580959200859 36.89423586241900921

[OBSTACLE]
357.21419248543679714 30.29474774189293385
354.35805322136729956 43.06465073768049479
351.04670991376042366 42.25098425522446632
350.95496599469333887 42.63717503659427166
354.67727597337216139 43.49841022398322821
357.62397433724254370 30.38693936914205551

[OBSTACLE]
397.06069420743733644 1.70442920457571745
395.33123282343149185 4.29931540042161942
395.52762891072779894 4.44313428737223148
396.38078012038022280 3.12166322674602270
396.67292600404471159 3.24144598934799433
396.18957247119396925 5.56695311143994331
389.67905495781451464 4.10445140488445759
386.67082831170409918 17.49564133491367102
386.90988870989531279 17.45525519642978907
384.79837703052908182 28.55175451561808586
391.89108458347618580 29.90139290783554316
393.94313919544219971 19.11754176858812571
394.49686912447214127 19.24876350630074739
397.50405848119407892 5.86223502084612846
396.55628315173089504 5.64932981878519058
397.42459360323846340 1.80530893430113792

[OBSTACLE]
372.99764806497842073 14.80169639922678471
370.78800236340612173 24.78985627554357052
377.66278343647718430 26.19934689346700907
377.73275440838187933 25.81791898794472218
371.21457523573189974 24.44760956708341837
373.40511849429458380 14.90398670546710491
