[SCALE]
1.0

[BORDER]
223.50400176178663969 2.92331543192267418
229.34191990178078413 36.76737388409674168
229.17128397803753614 36.90772343147546053
226.82006418146193027 36.00932921748608351
224.91086631361395121 36.71273799613118172
224.60930844582617283 39.02466213423758745
226.01679535023868084 40.03001005388796329
228.02545933984220028 40.03001005388796329
228.92979400791227818 38.62327747326344252
229.04438535124063492 37.00852413848042488
229.38061566092073917 36.99170411843806505
230.01033682562410831 40.64237536955624819
191.93484825827181339 44.80508256144821644
185.76739320252090693 38.89932088460773230
185.40776118356734514 39.27491672616451979
191.84656364191323519 45.44025891460478306
195.61888631246984005 45.01767361722886562
196.49815326835960150 51.02639242447912693
199.88214284647256136 50.53119667805731297
199.01949127018451691 44.63672909606248140
230.28432468976825476 41.13436196744441986
231.71608286257833242 50.78286118246614933
231.32238952722400427 67.57012356724590063
240.23864401038736105 68.62334293499588966
240.27112418785691261 68.92443801462650299
231.60634744539856911 71.91651123482733965
229.88658416830003262 63.94732279423624277
222.09157132729887962 65.55670132860541344
222.21958997659385204 66.17250309605151415
220.50511120725423098 66.05849009845405817
220.45548832602798939 67.32166004367172718
212.60756579786539078 73.52806868124753237
212.98611588496714830 73.99595295730978251
211.84055192954838276 74.78116407711058855
212.69739235192537308 75.95566651318222284
212.52954154834151268 76.07658092118799686
213.41793034877628088 77.30992900300770998
214.83927365764975548 76.28612988628447056
215.32673809863626957 76.88850648514926434
216.05782966129481792 76.31199430488049984
216.28511959780007601 76.45582700520753860
216.09809217881411314 77.27173864841461182
215.70182785205543041 77.40859132446348667
216.04938701353967190 77.48580011352896690
215.21269561350345612 81.65911309141665697
214.92504346091300249 81.60622818768024445
214.07920312322676182 85.79406269360333681
214.37002064939588308 85.86616696696728468
213.83577495068311691 88.53743587993085384
211.16312475781887770 89.12515684962272644
211.59849662613123655 87.53819621820002794
210.80716931540518999 87.32336953002959490
210.26433649286627769 89.32278421893715858
209.41942330077290535 89.50857924856245518
207.95110782049596310 93.87991206720471382
210.91589465644210577 97.32275236956775188
209.50481323897838593 101.82197276502847672
206.91658073943108320 101.02501845639199018
206.27082064375281334 103.12612454872578382
204.97509864065796137 102.85509253852069378
205.03158005326986313 102.59348976425826550
202.22776575665920973 101.98084580432623625
202.16514688078314066 102.26733292080461979
201.42626475077122450 102.11277540307492018
200.73684282507747412 105.39939458947628736
199.21812564134597778 105.02220766991376877
199.88382574915885925 102.35395804047584534
199.67030550166964531 102.30092455539852381
198.94222876895219088 105.23211763985455036
200.68968823924660683 105.62419825326651335
199.77965964935719967 109.96193389501422644
207.62889180332422256 111.60855238325893879
207.79519518837332726 110.79183631949126720
223.72519529424607754 114.10677843075245619
223.87005775142461061 113.80811189301311970
224.14070953428745270 113.93753642961382866
227.68200710974633694 106.52756029833108187
228.00012088287621737 106.63323526550084352
225.67886670306324959 118.34718552697449923
226.28277158830314875 136.28758095391094685
225.30262941215187311 136.68873098213225603
225.57940435875207186 137.24165999330580235
226.30488864053040743 136.94538583513349295
226.40750977583229542 139.99328722245991230
226.24162571225315332 140.28182123135775328
226.42059388197958469 140.38372377399355173
226.48134725168347359 142.18793433438986540
225.87303655780851841 142.72679861169308424
226.52452567405998707 143.47279574256390333
228.46523774415254593 201.13413369562476873
229.23123976588249207 201.39565585926175117
229.08818470686674118 201.71462987642735243
238.23256001621484756 205.81847409065812826
238.28869079053401947 205.55949233192950487
231.84589825943112373 202.67131957504898310
231.97886626701802015 202.33372809551656246
238.49762659240514040 204.55931009445339441
257.19139350950717926 197.67553357221186161
271.96677893493324518 183.04358085338026285
277.39154113922268152 164.37499304395169020
274.10311193484812975 144.88048337306827307
266.89512440469115973 137.94247900508344173
275.54474269878119230 122.02263066731393337
277.80773053411394358 85.76763938739895821
266.13334194757044315 71.92413018736988306
266.25585458427667618 71.69657746236771345
270.29957516770809889 72.17422988172620535
274.06971511244773865 61.46303316578269005
287.26133257243782282 54.64815051946789026
313.26393327862024307 55.18779932800680399
335.38099212758243084 64.24046798795461655
339.49742386676371098 71.23401196487247944
359.21287687681615353 76.76219274848699570
359.26563641801476479 76.97783573344349861
351.18163131922483444 84.55845384392887354
356.53141965158283710 91.93876914586871862
356.43622703850269318 92.14169480372220278
342.08093826100230217 93.09518200438469648
325.44892615266144276 95.20603252202272415
327.26655523851513863 78.66920485906302929
324.15120922680944204 72.25684877485036850
311.69930834695696831 68.35296086966991425
298.21902793459594250 70.88521166145801544
290.36120756994932890 125.13901754375547171
299.43673849757760763 195.93213900830596685
298.84948275517672300 196.65958422794938087
299.92530264332890511 205.92980107944458723
299.96962165832519531 215.54420645441859961
302.18758114241063595 217.38957192469388247
304.25122756510972977 233.48647421784698963
277.91499992180615664 257.98082804214209318
353.53370408806949854 257.76750433817505836
379.98000006470829248 266.50822696834802628
379.98000006563961506 345.21385724470019341
366.16811866685748100 346.76011610310524702
342.47709063347429037 361.62446717452257872
318.68316100817173719 355.68870941270142794
294.06856235768646002 365.66643813345581293
293.70749311707913876 404.66109319496899843
292.41862120945006609 404.65803566295653582
293.14982328563928604 405.72756129503250122
292.02284263726323843 407.24586974736303091
292.63595568761229515 408.10926830861717463
294.68328885827213526 407.97082248702645302
297.14502262324094772 411.57176508288830519
317.58718479238450527 444.44258646201342344
351.45852921623736620 484.76049321517348289
351.35625043883919716 484.98000000044703484
281.48902927711606026 484.98000000044703484
281.38214102573692799 484.77713726647198200
288.00164868775755167 475.12064367346465588
286.23252923041582108 462.69339040294289589
280.24508706852793694 447.82120752893388271
282.98288260214030743 444.18969237618148327
290.23954831250011921 446.91751533467322588
289.12948645837605000 440.89726815465837717
277.43551638070493937 432.66206402983516455
267.92800385132431984 452.89466910716146231
262.68549509998410940 468.50408284179866314
261.76217593625187874 484.31687057297676802
262.76110052876174450 484.66309861838817596
262.70773857552558184 484.98000000044703484
226.24264730326831341 484.98000000044703484
224.65816853195428848 464.74746775720268488
219.17720542382448912 464.58670065738260746
219.23842544946819544 464.40578196290880442
217.66643312945961952 463.78725688811391592
217.26274764165282249 464.53042410966008902
204.42008069343864918 464.15358039829879999
180.66709841787815094 467.32928724400699139
174.17012490890920162 484.98000000044703484
144.55650118086487055 484.98000000044703484
144.44731814414262772 484.78740260098129511
154.40993906743824482 468.14265316445380449
146.04839835502207279 461.06196624506264925
126.64171169418841600 464.84581756871193647
127.33604918327182531 484.98000000044703484
97.07097919192165136 484.98000000044703484
102.08899446949362755 418.15088227856904268
105.65330040082335472 405.82433183677494526
105.96478417050093412 405.89476074930280447
106.61480421200394630 405.50558484345674515
106.95923495851457119 402.80887940805405378
103.93654209468513727 388.62402865011245012
102.57059462554752827 386.30204810667783022
101.78725279867649078 386.13333768676966429
101.69306526985019445 387.20422199182212353
101.50674232002347708 387.37094743829220533
96.27946066576987505 384.94847737252712250
94.93547087255865335 376.29111947026103735
86.14266196172684431 365.35898142680525780
85.27258270606398582 352.65492685511708260
71.54591532796621323 341.32005042489618063
37.04252846911549568 321.49601982068270445
26.12966474983841181 321.82348420936614275
21.34521088283509016 308.06613585166633129
13.32957965135574341 297.42066236026585102
0.00000000000000000 292.41057576518505812
0.00000000000000000 80.69687290862202644
0.30929969623684883 80.63830400444567204
20.93332983832806349 133.14290182385593653
37.93138316553086042 292.32835654541850090
60.64803842827677727 311.47712950780987740
81.98665731307119131 309.58054308127611876
81.77534498088061810 310.33326220512390137
81.73459039907902479 311.57386402972042561
82.94990579225122929 311.66384243685752153
83.33144162967801094 309.46097963955253363
83.74709418229758739 309.42401266843080521
83.51437042001634836 308.77656625211238861
83.79774281941354275 307.72081301268190145
85.56161981821060181 305.42376811895519495
88.07027387525886297 303.97655600681900978
90.94182756915688515 303.59957389626652002
93.80063810572028160 304.36795455962419510
97.18649710156023502 304.74487243779003620
100.12485133018344641 304.36031669657677412
103.39734408073127270 303.41276855207979679
105.96322850044816732 301.93402003590017557
108.99372765794396400 300.99325162079185247
117.47721307352185249 301.83756175637245178
120.55860303435474634 302.72001461684703827
122.88518780749291182 303.97667561564594507
123.64898503664880991 306.38908208627253771
123.23636207077652216 311.96193690598011017
120.84226355422288179 311.79623669479042292
120.75288780312985182 313.00133415218442678
124.36306367162615061 313.26861316151916981
124.84660684876143932 306.46685362327843904
123.81132199987769127 303.08252013381570578
120.72536344360560179 301.50784298498183489
118.02076782565563917 300.74613681901246309
108.52637080848217010 299.79583714250475168
105.57909949310123920 300.77609218750149012
102.76252290699630976 302.30987896397709846
100.20939549617469311 303.14396728295832872
97.02215437032282352 303.48295889049768448
94.34411846194416285 303.27651070617139339
91.12595521099865437 302.32752643339335918
87.75353735219687223 302.73090720642358065
84.79226832464337349 304.39415541104972363
82.97729682456701994 306.70248439442366362
82.75621793325990438 306.66665708273649216
50.80058298259973526 217.74414042290300131
69.02091798000037670 201.35096779279410839
97.33898096624761820 135.57587923947721720
74.03867818228900433 64.52793240081518888
38.43255753535777330 32.20642473641782999
18.50106542557477951 26.70264706294983625
17.46172700077295303 8.90222616586834192
5.15135998744517565 4.50674538500607014
5.20317734032869339 4.19357916899025440
6.97160933818668127 4.16706482972949743
43.49390724766999483 17.22094147466123104
45.89149485155940056 25.55341072380542755
83.07087775226682425 54.28656245116144419
98.92232574801892042 56.91826012358069420
113.32940573990345001 48.84470329433679581
114.55787700228393078 50.69146395567804575
116.08122581522911787 50.55139383114874363
116.12781988456845284 50.91508045140653849
112.78887283988296986 51.46472435630857944
125.45117274671792984 73.94623986538499594
131.82328523136675358 70.90541023015975952
132.00742763746529818 71.17135360930114985
107.70877539273351431 94.54425645805895329
114.59993092715740204 131.26809694152325392
98.56902477238327265 186.31829265784472227
114.39004430919885635 219.04974371101707220
139.28833094518631697 273.86571415606886148
150.75777031201869249 252.97883252799510956
153.09423551615327597 250.00472658034414053
153.83308699168264866 250.69865859299898148
152.75936104357242584 252.04598463978618383
152.84447790123522282 252.22233309783041477
151.96138445660471916 253.51349665038287640
151.76739356480538845 253.35403499007225037
150.87884833291172981 254.50239035487174988
150.96573203150182962 254.57138599455356598
150.12694453075528145 255.95450257509946823
153.51450431812554598 258.27560655679553747
154.31598572712391615 257.10365725308656693
154.16379322484135628 256.99496270902454853
154.98035047575831413 255.99510458391159773
154.62153362389653921 255.70015500858426094
154.83982572332024574 255.40936321206390858
155.43737921491265297 255.81804761197417974
156.22528962418437004 254.64475199673324823
156.08345195930451155 254.54230277612805367
156.90298987459391356 253.53756968677043915
156.36201465781778097 253.08471471071243286
157.33947184402495623 252.04403122514486313
157.20608888659626245 251.91253978013992310
158.16610024683177471 251.05047847144305706
156.75819989107549191 249.47354141902178526
156.87283457070589066 249.12440864183008671
158.31987463682889938 250.12000983301550150
159.12396983709186316 248.94991889130324125
158.97138184309005737 248.83953424077481031
159.79100663959980011 247.84291198663413525
156.59799490775913000 245.15815344639122486
155.65026466455310583 246.34205840900540352
155.73491616174578667 246.51847474835813046
154.94411347154527903 247.61694371607154608
154.63139658514410257 247.36824795790016651
153.35152698028832674 248.97805002145469189
153.06087096687406301 248.78472543694078922
163.15406782738864422 230.40393104031682014
154.26084016822278500 189.55864330660551786
154.56940435618162155 189.44355118088424206
155.65513015631586313 191.43268264736980200
156.85493325628340244 190.73981003742665052
157.05351762380450964 190.87981660384684801
156.79351307824254036 192.29990573879331350
158.25298362690955400 192.52645930182188749
159.04696729686111212 188.43164712004363537
157.54813988879323006 188.17829577811062336
157.13178856763988733 190.45231748744845390
156.87053255736827850 190.49751659203320742
154.88615858741104603 187.06133898161351681
153.84765746537595987 187.66109181754291058
153.58037365321069956 186.43361764121800661
153.74955802690237761 186.28593031410127878
153.97206731140613556 186.36712217982858419
155.40107012540102005 182.44977309554815292
154.09846555627882481 181.95224310178309679
153.30980316642671824 183.92757884785532951
153.02970294468104839 183.90435097552835941
150.04253300931304693 170.18503390997648239
154.60281243361532688 133.13555261399596930
157.40003357548266649 133.77166842948645353
158.73496866412460804 127.90156647562980652
156.03396642394363880 127.28733133804053068
155.27581629808992147 130.62114053312689066
154.91995776537805796 130.55894076172262430
156.82865589298307896 115.05193582363426685
151.49882319662719965 102.65627249237149954
151.75153081677854061 102.47883933782577515
155.05426411796361208 105.57153443340212107
155.88927445653825998 104.67979085817933083
156.11809141002595425 104.75287627894431353
156.53951035067439079 107.87359302956610918
166.51742698810994625 116.18697376642376184
164.05613652896136045 119.22988524567335844
164.21144870296120644 119.35553326457738876
164.08200503699481487 119.50796706508845091
169.06987775582820177 123.61400115769356489
170.72028220631182194 125.17556496523320675
183.68627783842384815 125.28918685764074326
183.69262170046567917 124.76916785724461079
170.97770343534648418 124.68372477870434523
164.65701407939195633 119.31389935035258532
166.91709399130195379 116.51987745799124241
169.61098599154502153 118.76438787952065468
170.61534558981657028 117.55751979444175959
171.25274309795349836 118.57725693192332983
173.26000011339783669 119.83179245237261057
175.26725686900317669 118.57725681085139513
176.52162838354706764 116.57026265840977430
175.54939870629459620 114.84609837643802166
177.13449844252318144 114.20419178809970617
176.70779671892523766 120.03504366334527731
177.51598677597939968 120.09417926799505949
177.45327543746680021 122.85547000821679831
180.77236974891275167 122.93092474900186062
180.83145775366574526 120.33674084208905697
183.80884353350847960 120.55460322834551334
184.29190312977880239 113.95225640293210745
181.43469787202775478 113.74319759476929903
181.42989004403352737 113.30800004210323095
179.41000006068497896 113.30800004210323095
179.41000006068497896 113.59504189062863588
177.19095642864704132 113.43269699811935425
177.18110796622931957 113.56727559398859739
176.88312103599309921 113.61409714352339506
176.11028115916997194 111.70554535090923309
174.67333046998828650 112.34719128441065550
173.30434065870940685 109.47458175476640463
173.51110573019832373 109.20095234178006649
172.98407723009586334 108.80249499343335629
171.74198458436876535 106.19621990900486708
171.28909511025995016 105.81888543535023928
171.83236878924071789 105.18052831664681435
170.47905801329761744 104.15319523494690657
170.06267890240997076 104.79707075469195843
165.59072985965758562 101.07117153983563185
165.38856523670256138 101.09358255099505186
165.53231077734380960 100.46096286922693253
164.26000011432915926 100.35916793998330832
164.26000011432915926 101.21863685641437769
158.41249515768140554 101.86661445070058107
158.10490334406495094 102.23579677101224661
157.69113556761294603 101.84837570786476135
156.93639072496443987 102.65440536942332983
156.70928482431918383 102.58422246668487787
156.45007481146603823 100.90447889454662800
155.07399496901780367 100.25115445628762245
155.23983839154243469 99.99320886097848415
155.34038631431758404 98.18333582859486341
153.15075617190450430 97.32656292244791985
152.55930021032691002 97.53828176669776440
152.39609339181333780 97.28357218950986862
152.57133728917688131 97.10459077544510365
152.04299952741712332 96.61513482499867678
150.06353241205215454 98.72884546313434839
149.84135004505515099 98.66658043116331100
149.70112519897520542 97.99601953383535147
149.49498550314456224 97.99602954462170601
146.82191612664610147 91.77919843699783087
146.53354912530630827 90.27594422455877066
146.06736328173428774 81.59995567612349987
145.52210396807640791 80.60710132773965597
145.64907254464924335 80.43872234970331192
145.43896496202796698 80.45571478642523289
138.86741198878735304 68.48967447597533464
138.65139276254922152 62.22239407803863287
149.40991696622222662 55.50352796819061041
151.92352640442550182 59.52660507708787918
151.76821394730359316 59.73483935091644526
148.74559654481709003 58.90044345241039991
141.63280407059937716 63.39597962517291307
148.77930207736790180 74.70331228431314230
148.63258114177733660 74.91084808204323053
147.03396642860025167 74.54730159789323807
145.69903136324137449 80.41742339264601469
148.40003364905714989 81.03167856018990278
149.62633485347032547 75.63905615080147982
156.55658212117850780 71.25899977050721645
157.33091884013265371 66.85848523396998644
153.05268771201372147 60.08940938767045736
152.56911616772413254 59.95592714287340641
149.56480375397950411 55.14745560754090548
138.42519382294267416 62.04372537229210138
138.54754834063351154 68.50071148481220007
145.78441415168344975 81.74954229686409235
146.12775586545467377 89.37564689759165049
145.81886487547308207 89.44651806820183992
136.21907983720302582 67.12011707294732332
135.63613490853458643 67.68087682034820318
131.49806227907538414 56.33016922697424889
125.46248821541666985 49.37844525370746851
122.46212959289550781 49.87235210649669170
122.37253139168024063 45.13861378841102123
122.60049013048410416 45.03542235027998686
139.32367201521992683 60.29193046595901251
146.57959010824561119 55.21896767523139715
143.93572008889168501 31.26002340484410524
145.08643846213817596 0.00000000000000000
216.08370111975818872 0.00000000000000000

[OBSTACLE]
221.82656424865126610 396.99550882726907730
220.70287622883915901 398.56769347190856934
220.60950669553130865 398.50344583764672279
213.01816160976886749 409.31903879996389151
200.82456393353641033 412.75058318208903074
200.96548951137810946 413.25115404464304447
202.31309432070702314 412.86897485796362162
202.42359187547117472 413.22194232698529959
198.03108424041420221 414.72861837502568960
200.60051698517054319 423.74880913831293583
203.41621103975921869 435.79812724143266678
204.65938819106668234 448.61971400864422321
205.59157067630439997 448.77368150744587183
205.47643654607236385 449.35073717590421438
207.12514692731201649 452.09304173849523067
209.02416185941547155 452.71599263790994883
210.35921107698231936 451.00442698970437050
210.16307296790182590 450.87786481436342001
210.23390451073646545 450.61088483966886997
211.07018097955733538 450.56536403205245733
211.18122709542512894 450.79007371235638857
210.24944224860519171 451.88025418203324080
211.02326331008225679 452.69461641646921635
212.47444041352719069 452.29995548352599144
213.03604875039309263 451.88390459958463907
212.23111272975802422 450.50217135343700647
215.10855037253350019 450.34554457943886518
215.86691868584603071 450.47080117650330067
216.08609190303832293 450.29230861924588680
219.35204970464110374 450.11456514336168766
220.57748937513679266 449.46207236405462027
220.76736934669315815 449.59164682775735855
220.58055038098245859 451.19335957895964384
221.99598902463912964 451.54901167377829552
223.14234158303588629 450.49748365487903357
223.04064885620027781 449.16779917012900114
221.69708508532494307 449.19662039726972580
221.62127921450883150 448.90626442804932594
257.84816459193825722 429.61541291046887636
253.95990454312413931 421.97537012118846178
234.98816938512027264 401.07845759950578213

[OBSTACLE]
180.51650184299796820 422.76400789525359869
175.18589931260794401 433.12059019133448601
174.42833273764699697 442.21499041654169559
179.08769344259053469 446.58003565296530724
186.98300272971391678 443.44490964990109205
185.43661251105368137 428.01873538363724947

[OBSTACLE]
120.89751017186790705 409.43836444243788719
121.63527722191065550 421.81223075557500124
129.02746694628149271 433.21808959729969501
141.05307405628263950 439.35146138258278370
155.44747608900070190 432.40388927515596151

[OBSTACLE]
121.43373536039143801 370.94218268524855375
110.47739675827324390 383.75264423806220293
110.51164792478084564 384.38151313550770283
110.19330233894288540 384.41591441072523594
109.52483691647648811 384.86393725499510765
109.19836924597620964 387.50274027884006500
112.22627992834895849 401.71267560962587595
113.63617546018213034 403.99958278518170118
114.38712017517536879 404.10008951928466558
114.52647285815328360 403.29090911056846380
113.83064098749309778 402.09721488226205111
114.03167849127203226 401.89029279630631208
117.20176551491022110 403.61768220178782940
120.16032251249998808 407.12671454623341560
119.78133987542241812 407.69759735278785229
159.77809511311352253 434.27136296499520540
168.64346358925104141 420.92790396604686975
168.12698861397802830 420.58482718933373690
159.64369546249508858 433.40581630915403366
154.88615686353296041 430.23678750172257423
155.09431192185729742 429.92103561852127314
159.55782645009458065 432.83307101484388113
162.63591850828379393 426.99669271707534790
161.02035911008715630 419.16439394373446703
162.96647243201732635 419.73681578226387501
163.53622998762875795 417.79937658365815878
160.56197393871843815 416.94176460523158312
159.99810511432588100 414.20811542682349682
164.26289282646030188 413.52294140495359898
164.42875373829156160 420.13944777846336365
167.24784728791564703 420.06874626874923706
166.99674632027745247 410.05185236688703299
166.26020498387515545 410.07032422441989183
142.66635001543909311 394.39472958631813526
143.71221305429935455 392.77297900337725878
157.60130192991346121 401.62583583593368530
162.02082775253802538 394.61123418714851141
161.77495057322084904 394.32937520183622837
162.48286290001124144 393.26309929508715868
161.13319937977939844 392.36723842751234770
160.67071791645139456 393.06384996883571148
157.73550511337816715 389.69986898824572563
161.01691214926540852 388.88730279728770256
160.48290098924189806 386.73248839657753706
156.09502110350877047 387.81972529180347919
155.19208871945738792 386.78484095167368650
148.44113775715231895 382.48181273974478245
147.33986076712608337 382.73599995672702789
145.73099987953901291 382.73599995672702789
145.73099987953901291 382.93546319287270308
143.84649813640862703 383.16905511822551489
142.64017051272094250 385.06124993786215782
138.81880167406052351 382.59817266184836626
137.74206845648586750 383.74876169394701719
137.46768882591277361 383.53083140868693590
139.50974686350673437 380.48239698447287083
137.15208857133984566 378.88661737181246281
140.67822706047445536 375.81199197564274073

[OBSTACLE]
234.12908839061856270 398.61648887861520052
233.67504379153251648 399.03881017398089170
255.01061176043003798 421.83121096529066563
255.46455613616853952 421.40899013169109821

[OBSTACLE]
246.15609793644398451 372.65712516568601131
245.65502382628619671 373.67383870203047991
245.74453111924231052 374.04089671652764082
244.26080734841525555 374.28676205966621637
239.59302497003227472 374.07076491136103868
239.49708382692188025 375.23680979479104280
239.70867104642093182 375.24660750199109316
239.37845363374799490 376.42235591635107994
239.03803260065615177 376.36030638497322798
239.07963535375893116 375.88212697301059961
238.59584130346775055 375.04458597861230373
233.49023159686475992 374.11994470562785864
232.73468432202935219 374.61967517435550690
232.56495574209839106 375.27365654893219471
233.05995474196970463 375.37135909870266914
234.03036243841052055 374.78615425154566765
237.82065918017178774 375.52804654277861118
238.46762858424335718 376.43910333327949047
239.32435807306319475 376.61496468447148800
236.01526821311563253 388.39707251545041800
238.80718114878982306 394.36554728820919991
238.06854393985122442 394.95251023489981890
259.40401088539510965 417.74491029325872660
259.85805713292211294 417.32269061543047428
259.11686945240944624 416.53089324291795492
259.28573051840066910 416.27991642802953720
266.29437259025871754 418.96686948928982019
275.12472224701195955 398.54902458377182484
272.83196599595248699 383.67237226292490959
259.95711610652506351 377.72525930590927601
260.68616042472422123 376.73459840938448906
260.31401508487761021 375.87563745770603418
259.15350849088281393 375.68087364174425602
258.45663046836853027 376.53937862161546946
258.60505406279116869 376.81433160696178675
258.41746660042554140 377.01397865824401379
250.33440048433840275 373.28023171238601208
247.56651439704000950 373.73887591902166605
247.72861900366842747 373.27581884246319532

[OBSTACLE]
203.58209707587957382 403.43161846790462732
201.46358635462820530 406.27443314809352160
205.64508721977472305 409.84023714344948530
207.77784006763249636 406.71199251059442759

[OBSTACLE]
214.53948029316961765 392.61878821440041065
213.07512537948787212 394.28727642167359591
216.38336315751075745 397.22449878510087729
216.16522697731852531 397.50549865234643221
211.88951208349317312 394.61681561544537544
209.28670311626046896 398.46922869142144918
208.12259002495557070 397.68541979789733887
206.32421970274299383 400.35651026386767626
207.48410656303167343 401.13740121759474277
205.60831563360989094 403.91378779243677855
212.25378787238150835 408.40358453895896673
218.53498424682766199 399.10651223827153444
217.98149130400270224 398.73257110361009836
219.51511310413479805 396.98538072593510151

[OBSTACLE]
180.78000009898096323 394.18969991989433765
180.78000009898096323 395.20970006939023733
181.79999979678541422 395.20970006939023733
181.79999979678541422 394.18969991989433765

[OBSTACLE]
175.11438206583261490 361.28567311447113752
166.15185236465185881 364.74293783865869045
168.70940144825726748 371.55015560891479254
169.53426518756896257 370.72417071089148521
168.40986746363341808 367.96576627064496279
168.07392266765236855 368.09416914358735085
166.95037236437201500 365.10502428561449051
175.10468259360641241 362.02211078535765409
196.01280105020850897 371.36221478506922722
195.25698161125183105 373.09566699247807264
198.18902265280485153 374.41370151285082102
198.78856077324599028 372.90974355023354292
198.17336599528789520 372.63837241195142269
198.43429077323526144 372.05412336438894272
204.29298796597868204 374.60512925963848829
206.91076793242245913 375.96933709178119898
206.63778065890073776 376.58800421003252268
205.18927575368434191 375.90920178405940533
202.49918199703097343 381.96114527806639671
202.35541732981801033 381.87356915511190891
201.52855462208390236 383.28380151744931936
202.91956125292927027 384.11401170026510954
203.59683538321405649 382.97938560880720615
203.91533102188259363 383.14649628009647131
203.27865691110491753 384.54114330280572176
203.38249056972563267 384.66284793429076672
202.81908826716244221 385.78775216080248356
202.92006476968526840 385.88635316770523787
207.46527293231338263 375.74237837735563517

[OBSTACLE]
172.09812096972018480 372.39767058752477169
171.84196150582283735 372.96227568108588457
172.41540133859962225 373.22240082547068596
171.70432556327432394 374.82385391276329756
174.67132691852748394 376.07540020253509283
175.31920108571648598 374.53962938860058784
185.38472365029156208 379.10557572916150093
185.29121707007288933 379.36134094372391701
189.33621623460203409 380.89814601372927427
190.83157301507890224 381.67067081388086081
190.12099934089928865 383.10431866161525249
194.58000106830149889 385.19923898763954639
195.26633149478584528 383.73169910907745361
195.16649257112294436 383.68605749867856503
195.46082574501633644 382.99463217239826918
188.54017403163015842 379.85212701000273228
188.87162462528795004 378.94513979833573103
185.84724012110382318 377.83987506292760372
185.60280589200556278 378.50874722655862570

[OBSTACLE]
196.36568058747798204 374.67682313825935125
194.37345177866518497 376.03545311000198126
194.53960351459681988 378.59704407025128603
196.86359062697738409 379.68716332968324423
198.43991718813776970 378.62329893559217453
198.65844009909778833 378.79983181785792112
198.43529364652931690 379.35545262508094311
199.93855220731347799 379.95920637249946594
201.13870680611580610 376.97124766558408737
199.63534747250378132 376.36739314999431372
199.11722707655280828 377.65748074743896723
198.81829709280282259 377.61043003015220165
198.68966666236519814 375.76704218797385693

[OBSTACLE]
206.76480241958051920 371.27776084747165442
205.89196055941283703 373.09949768241494894
211.32109787221997976 375.70053910370916128
212.19383903499692678 373.87880200985819101

[OBSTACLE]
186.65962397493422031 372.31152143049985170
186.02183242235332727 373.80030837375670671
188.96043492574244738 375.11519772280007601
189.61820837296545506 373.55947579257190228

[OBSTACLE]
188.20447121281176805 368.78703355416655540
186.90967527497559786 371.72734626475721598
190.18252197373658419 373.16988183557987213
191.48018858302384615 370.22296298947185278

[OBSTACLE]
200.52436517551541328 368.50370699074119329
199.65405198279768229 370.32866814918816090
205.15547584928572178 372.77265283558517694
205.99630161747336388 370.93636976275593042

[OBSTACLE]
176.19909990485757589 364.69330022018402815
176.19909990485757589 366.49398460239171982
174.56504047289490700 365.57268659025430679
172.34218701161444187 366.85653513204306364
172.34801323711872101 369.42311239428818226
174.49488976132124662 370.60711430851370096
176.29800983238965273 369.61696639377623796
176.49963360279798508 369.81761691533029079
176.19504071492701769 370.37871732469648123
177.82324125245213509 371.26270022243261337
177.58541745319962502 371.78957671020179987
179.03661944996565580 372.50880061741918325
179.75609785132110119 371.05708419997245073
178.09330907650291920 370.27745098434388638
178.39165989868342876 369.72788196895271540
176.75377091486006975 368.83881894312798977
176.73524743691086769 368.40215823799371719
178.26688055880367756 369.04040075093507767
178.83835671562701464 367.53692100849002600
177.33113406132906675 366.94249757193028927
177.01867942884564400 367.82412633951753378
176.70875197555869818 367.77757075428962708
176.66545521561056376 366.75692009646445513
176.38167970906943083 366.59692480787634850
176.45609995163977146 366.31340001244097948
177.81909987330436707 366.31340001244097948
177.81909987330436707 364.69330022018402815

[OBSTACLE]
186.32291829306632280 367.95989225152879953
184.45206527877599001 370.64191072527319193
185.77243256475776434 371.63013654015958309
187.62788753677159548 368.93806243781000376

[OBSTACLE]
257.60990001726895571 365.45509148389101028
254.50476065929979086 366.64707349240779877
254.29312539938837290 368.77066533919423819
255.79833415616303682 370.03343635890632868
255.69373051356524229 370.16227770410478115
256.28498577419668436 371.25772895943373442
257.08831036370247602 371.49205733463168144
257.91784718818962574 370.36495380569249392
258.97172284405678511 370.05787879601120949
258.81803494598716497 367.27583531290292740

[OBSTACLE]
209.66997319180518389 352.82170637417584658
206.56185119040310383 353.96033917088061571
204.41887254081666470 356.84914563409984112
203.22595680039376020 359.39097940083593130
202.51270417030900717 360.36740653030574322
203.50049844477325678 361.08334391005337238
204.21873219124972820 360.10003610327839851
205.58761758077889681 357.21176601853221655
207.14875133056193590 355.10396119859069586
209.73896419815719128 354.15640506800264120
212.35892403312027454 354.75098409131169319
217.46805113274604082 358.55527229979634285
218.70130930375307798 360.71634215302765369
218.07428885810077190 363.16795664373785257
214.77812379505485296 367.68032603897154331
212.84010060690343380 366.26460934709757566
212.08454105723649263 367.30514186527580023
215.04378352500498295 369.38492739852517843
219.06169488001614809 363.88446530047804117
219.96014075819402933 360.44695175439119339
218.17242383398115635 357.47790946252644062
213.07541900221258402 353.76354684215039015

[OBSTACLE]
261.30590528901666403 363.56536982953548431
261.04643121734261513 364.90086549893021584
262.74487691372632980 367.61186436191201210
264.59405483864247799 368.26612995564937592
265.92920551542192698 366.55443481821566820

[OBSTACLE]
189.27105405461043119 363.47355080489069223
188.43245096970349550 365.31124604865908623
193.90914617292582989 367.81054917722940445
194.74774900637567043 365.97275411523878574

[OBSTACLE]
178.34879978466778994 365.17330007534474134
178.34879978466778994 366.79330004379153252
179.96880020480602980 366.79330004379153252
179.96880020480602980 365.17330007534474134

[OBSTACLE]
97.10401240736246109 339.92099984735250473
93.95662891678512096 360.03640623204410076
110.31876239459961653 365.71865221392363310
116.20481633488088846 351.35898291040211916
108.74084371794015169 343.55332345701754093

[OBSTACLE]
183.12647665105760098 360.82816339936107397
182.32625322882086039 362.68292776402086020
187.85572356637567282 365.06323578581213951
188.65574606880545616 363.20887288730591536

[OBSTACLE]
177.10177472792565823 358.09493951033800840
176.27728935517370701 359.93904774263501167
181.77304857224225998 362.39601080771535635
182.58398778922855854 360.58180135022848845

[OBSTACLE]
246.38604900054633617 353.95869978982955217
244.15657653287053108 354.00638873409479856
243.92595084290951490 355.98415926750749350
245.34138870611786842 356.33991208206862211
246.48774174228310585 355.28828355576843023

[OBSTACLE]
214.48455907870084047 350.22937339730560780
207.94371537026017904 350.73312322050333023
206.36056545563042164 351.25726875476539135
202.81418616790324450 353.13093009311705828
203.29073036927729845 354.03271254710853100
206.83550884667783976 352.15994460787624121
208.12149667926132679 351.74226555693894625
214.02743247244507074 351.23701950907707214
215.05633188504725695 351.52844264172017574
219.69620462600141764 355.39280041307210922
220.36511613335460424 354.58533524535596371
215.43752053007483482 350.54970428626984358

[OBSTACLE]
182.67783958651125431 341.77036422956734896
179.82208655681461096 343.35323214065283537
177.72339159343391657 346.02244250662624836
175.23125012125819921 351.08257267344743013
177.39243208151310682 352.17112904787063599
177.94133049435913563 351.08156740944832563
176.86954717617481947 350.54177568107843399
178.81079106871038675 346.70636765472590923
180.64293162990361452 344.34006909001618624
183.14735290221869946 342.96792302560061216
185.67037672270089388 343.18577963672578335
188.75170332565903664 344.06811459269374609
191.07828751578927040 345.32477596960961819
191.84208519663661718 347.73718244209885597
191.42946576699614525 353.30998905468732119
189.03606559801846743 353.13278913684189320
188.94598883949220181 354.34953440912067890
192.55603424739092588 354.61681119166314602
193.05901304259896278 347.82354500051587820
192.00439861603081226 344.43070809263736010
188.91847141273319721 342.85584654193371534
186.21702937316149473 342.09012474305927753

[OBSTACLE]
259.13956767134368420 345.97335636708885431
258.77836387977004051 347.62405202072113752
259.86173282284289598 347.95732662174850702
260.57258112728595734 347.65790445543825626
260.55499773006886244 346.21182641200721264

[OBSTACLE]
250.44406301900744438 345.49174535088241100
249.29207886382937431 347.05275500379502773
249.89131832681596279 347.90606390871107578
251.68020040448755026 347.85002315416932106
251.86662446986883879 346.13808912225067616

[OBSTACLE]
232.39796177484095097 342.20747292321175337
220.92507303133606911 345.79253778047859669
221.22923698555678129 346.76612781174480915
232.70222791004925966 343.18096182681620121

[OBSTACLE]
303.33154625259339809 276.03251791186630726
276.15196978300809860 285.04598854109644890
280.19139090366661549 310.04626590106636286
284.37246986385434866 346.62960586789995432
338.73805546574294567 341.90080255456268787
361.58773574698716402 323.80965904984623194
351.17175740282982588 281.14161103218793869
314.24337425548583269 282.93775818683207035

[OBSTACLE]
175.93180318269878626 333.92145927157253027
175.20024951826781034 334.63230629265308380
179.64485779497772455 339.19402558077126741
180.55254769325256348 339.69946891814470291
191.10149970371276140 339.82597654312849045
192.09299019537866116 340.22627918329089880
197.68438404891639948 346.00135316047817469
198.41594831459224224 345.29049583803862333
192.57727080676704645 339.29419485852122307
191.66415322851389647 338.87322739325463772
181.18074349872767925 338.74242860823869705
180.11883779801428318 338.23056084662675858

[OBSTACLE]
248.44609824102371931 339.37712509278208017
247.94512113835662603 340.39364086650311947
248.09820261690765619 341.14911327138543129
249.55831378791481256 341.35536181461066008
250.01842595171183348 339.99578213319182396

[OBSTACLE]
237.76868881937116385 284.62546241376549006
237.50534508563578129 285.08282248117029667
218.69593229424208403 287.88938973937183619
227.11633907537907362 326.16059182398021221
237.05537664797157049 341.01861770357936621
245.56582210119813681 336.57361229322850704
251.24419823661446571 336.37001264654099941
254.19213943369686604 332.06800947710871696
264.77599314879626036 326.54006245732307434
264.79650164581835270 308.06782306358218193
258.77241978328675032 289.50659254286438227
242.06777490116655827 286.02996567543596029
242.09376980271190405 285.57465974241495132

[OBSTACLE]
111.46194283198565245 325.13195004686713219
108.42461478058248758 335.23199814185500145
118.15074098855257034 340.68878923077136278
129.56282990332692862 334.16682990733534098

[OBSTACLE]
161.40606293734163046 330.90734524186700583
160.84521567448973656 331.75647060479968786
170.38866133242845535 339.06311953347176313
171.00872132740914822 338.25313517823815346

[OBSTACLE]
185.33708989992737770 269.88527116458863020
159.25392604805529118 277.80728847999125719
152.69613395817577839 293.22025778703391552
152.45947760716080666 293.23287161812186241
150.34503273013979197 289.44181377440690994
149.57363978307694197 288.79701199475675821
145.20857162401080132 287.48640888556838036
144.92803558707237244 288.46726414561271667
148.78165345359593630 289.56960030365735292
149.63416601531207561 290.21508752275258303
151.58147872425615788 293.75271387677639723
152.37918558437377214 293.30992877576500177
152.58074452541768551 293.49146092124283314
140.19294121302664280 322.60687501914799213
154.81888673920184374 331.68438488245010376
161.23996923957020044 309.14401569962501526
178.86334328632801771 289.92995245847851038

[OBSTACLE]
190.03455027285963297 301.49379989039152861
182.91090790927410126 307.82223989348858595
183.95421515498310328 315.92982086632400751
189.96995242033153772 320.51405099779367447
191.91991251707077026 316.89314125105738640

[OBSTACLE]
273.04258530866354704 296.15759240556508303
272.60589123889803886 296.19090408645570278
272.58384172990918159 296.70293444208800793
275.19138688407838345 306.21023634262382984
275.31718182470649481 306.17647378612309694
276.82859706599265337 308.87136238161474466
277.16759287100285292 308.67873442638665438
275.48547037132084370 305.60169307794421911

[OBSTACLE]
140.19738736562430859 291.90049165207892656
137.09137186966836452 293.43252305686473846
134.72899889945983887 295.92532739415764809
134.40216514375060797 296.63931487593799829
134.56511419545859098 299.28668949007987976
135.18449996970593929 299.26789206359535456
135.12135488633066416 297.19465476367622614
135.56699976976960897 295.99869203846901655
137.03126041404902935 294.38313175644725561
138.06685505714267492 293.60920606646686792
139.96384856477379799 292.78392707556486130
141.24058922659605742 292.73906292673200369
145.17446906771510839 294.18656241800636053
145.36768238712102175 293.59813916403800249
140.98785477969795465 291.93698422890156507

[OBSTACLE]
275.68184367008507252 276.95308070629835129
273.70487755257636309 279.75966172385960817
273.53384499438107014 279.69966818951070309
272.57415232155472040 283.00149451196193695
272.44642315898090601 282.99803102016448975
272.29559464659541845 289.86143884714692831
272.46180910430848598 293.20318481698632240
272.85128788370639086 293.18379029352217913
272.69790666364133358 290.12268259003758430
272.87336145061999559 283.52219084184616804
273.82746462058275938 280.32649452704936266
276.13485589716583490 277.27927049156278372

[OBSTACLE]
118.17306950222700834 279.15051506552845240
117.68332154210656881 279.32534344494342804
119.19835046958178282 283.57171403802931309
123.40133940055966377 291.22125843632966280
123.85769507847726345 290.97196852136403322
119.66425208281725645 283.34698986448347569

[OBSTACLE]
91.55676097143441439 285.02488592360168695
81.65364455245435238 286.48977072816342115
81.80287080723792315 287.49875562638044357
91.70410810690373182 286.03424824401736259
93.01721107587218285 286.12063029408454895
95.84438407514244318 286.72994004841893911
98.57217977102845907 286.37259471789002419
98.42290407232940197 285.36317365802824497
96.52088454365730286 285.67784949857741594
95.16325891390442848 285.59428926464170218
93.37235461361706257 285.06012836191803217

[OBSTACLE]
201.60590043570846319 274.81079419236630201
198.81779655627906322 284.47315523307770491
199.19747195206582546 284.53868206031620502
200.42967929877340794 281.10981272906064987
201.97861447185277939 274.92358787730336189

[OBSTACLE]
104.83972827717661858 279.94109870027750731
100.41129149217158556 281.01837829593569040
100.66540586575865746 282.00637543294578791
104.54718119278550148 281.00815019290894270
105.60925164818763733 281.13369726948440075
108.19658963102847338 282.58158292155712843
109.16074298974126577 282.82049174420535564
111.84317529387772083 283.05990881100296974
116.45539877377450466 281.92088765185326338
116.20137394964694977 280.93284319527447224
112.40577977150678635 281.94285646360367537
111.04650377389043570 282.00187313184142113
109.14435901772230864 281.76501651760190725
107.86607388872653246 281.29941399674862623
105.83126687165349722 280.10704119782894850

[OBSTACLE]
87.30906518455594778 277.07740856148302555
87.20107498671859503 277.23328239005059004
77.41871366556733847 277.61930198315531015
77.45890182908624411 278.63848665636032820
87.60434936080127954 278.23813939932733774
88.08540350850671530 278.73432851862162352
88.86519379541277885 278.78506739903241396
88.96968807000666857 278.15084932185709476
88.35513609834015369 277.37777186930179596

[OBSTACLE]
209.87382429093122482 198.13536184933036566
243.35458946973085403 273.91161190159618855
244.44493469130247831 274.66865700110793114
249.22729874216020107 276.98973425757139921
252.42677744384855032 273.73231557663530111
253.63808607868850231 273.70786097832024097
254.36942115053534508 271.75449356436729431
255.57515733968466520 270.52687507215887308
255.07738460507243872 269.86327874381095171
261.14518607594072819 253.65538004226982594
259.56929776631295681 220.44449218455702066
253.80528665427118540 217.85698501393198967
253.92021628655493259 217.52782908733934164
258.93499597348272800 218.80786408111453056
258.37185792624950409 217.60692311916500330
258.54096958879381418 217.41791132837533951
260.60421452391892672 218.13882822915911674
261.20349846128374338 214.10576552059501410
257.61288795713335276 216.02423229441046715
255.50956219807267189 211.63828187249600887
252.79791221488267183 215.00270770490169525
252.52774820104241371 214.87574543245136738
252.61889364290982485 214.42670375946909189
250.70153396669775248 214.47249204013496637
250.41599964443594217 215.83839495945721865
250.65682258270680904 216.11714345216751099
250.47466109320521355 216.36175141017884016
235.74368352536112070 209.74884712137281895
235.64475531596690416 209.36493761930614710
228.72055468242615461 206.40692289266735315
228.57138395961374044 206.52905118744820356

[OBSTACLE]
114.96138707548379898 262.43241549842059612
114.79773200303316116 271.25007044058293104
115.31289079599082470 271.30510288756340742
115.48128803912550211 262.44208793062716722

[OBSTACLE]
277.36999113857746124 261.04786885250359774
276.98637596983462572 261.11492810025811195
278.01907665189355612 268.06538495793938637
278.45471596531569958 268.18052429892122746
278.58749910071492195 267.67748701665550470
278.45015020016580820 267.64563367608934641
278.04257637821137905 264.40999228227883577

[OBSTACLE]
151.55944776069372892 261.59792632050812244
151.19358606729656458 261.96285154577344656
151.64192994590848684 262.32794188987463713
151.96565197873860598 261.92089702282100916

[OBSTACLE]
155.59246829058974981 256.52463596407324076
155.28064893651753664 256.91680385824292898
155.68720396235585213 257.24005074612796307
156.01108775846660137 256.83269858919084072

[OBSTACLE]
174.42321943677961826 247.50966679770499468
172.99521813634783030 247.64609138201922178
172.25318671669811010 247.96021324396133423
169.41481950413435698 251.63691579084843397
169.89606527239084244 252.02736622840166092
172.46283112466335297 248.86342219635844231
173.74018640723079443 248.16206282656639814
175.23061010055243969 248.31314965058118105
180.85526127088814974 250.03857541456818581
181.97804336901754141 250.96751654334366322
182.42243865225464106 252.38567235786467791
182.78916060552000999 256.39826737716794014
183.40624281391501427 256.33573225513100624
182.85593072045594454 251.33230500947684050
182.18370270635932684 250.06484621763229370
181.60615765396505594 249.54611160140484571

[OBSTACLE]
198.68474914133548737 250.12736639939248562
191.22088454384356737 250.23542802222073078
189.89098772220313549 250.77336144819855690
189.29958531633019447 251.29027351643890142
187.59709781780838966 255.61938366573303938
188.16981595382094383 255.85636335331946611
189.72789003513753414 252.09193546138703823
190.75222577620297670 251.05554177053272724
192.22377361264079809 250.77541348244994879
198.10588260926306248 250.85827400162816048
199.45650961436331272 251.37558434717357159
200.27838749345391989 252.62804550863802433
201.77397252898663282 256.36961370520293713
202.34692101832479239 256.13228898309171200
200.39347267989069223 251.49485437851399183
199.38773356005549431 250.47177123744040728

[OBSTACLE]
274.63403786160051823 248.01019842922687531
274.14671763312071562 248.09896387159824371
274.33362719044089317 248.56040882226079702
274.67585082538425922 251.45456231199204922
274.57078258134424686 251.48247883841395378
275.60190006345510483 254.95392747130244970
275.97755836881697178 254.85116881225258112
275.10862860269844532 251.35078689455986023

[OBSTACLE]
70.11834160052239895 244.76855922490358353
62.60139812622219324 247.26307899318635464
65.17631950136274099 254.85842017177492380
72.64434068370610476 252.38044195435941219

[OBSTACLE]
223.02136825490742922 241.07718788273632526
218.53559289872646332 242.56412513647228479
217.90857571735978127 243.03682582452893257
216.45476242247968912 246.18214983865618706
215.93918374273926020 253.10574717819690704
216.55754870083183050 253.15069866180419922
216.99991032201796770 247.06489695981144905
217.34182349871844053 245.70872840844094753
218.27633962407708168 243.86725505720824003
219.23779880069196224 243.02732438035309315
223.20269318763166666 241.66982662212103605

[OBSTACLE]
86.60597653407603502 249.30458039790391922
78.18450911995023489 251.92525194399058819
78.32688866369426250 252.42519236356019974
86.76052043307572603 249.80107695143669844

[OBSTACLE]
159.66222860291600227 251.40511386934667826
159.32534623425453901 251.82850156445056200
159.73271494358778000 252.15239814575761557
160.05152443237602711 251.71769529022276402

[OBSTACLE]
76.88191554695367813 246.93775419145822525
75.92515459004789591 247.29118470754474401
77.31808444112539291 251.06214566901326180
78.27484539803117514 250.70871515292674303

[OBSTACLE]
98.99949957523494959 245.44869928807020187
94.60760285053402185 246.81461449339985847
94.76090022269636393 247.31142671220004559
99.17381341010332108 245.93825456034392118

[OBSTACLE]
290.72436133865267038 231.16228260286152363
288.61698688101023436 232.15977039281278849
288.56882432475686073 232.05723681114614010
281.66734632570296526 235.44837049208581448
282.09471923671662807 236.35149900522083044
282.23813977278769016 239.03163779992610216
281.97488425392657518 240.18498985935002565
283.11675403825938702 240.59891265723854303
283.44277349952608347 239.50591324083507061
283.27501739934086800 236.16187230963259935
290.14639972615987062 232.78552653919905424
292.76583862211555243 235.24495281651616096
293.81593328807502985 235.48260899167507887
294.22625025454908609 234.33504168782383204
293.09715286642313004 233.91887854132801294
291.24107707757502794 232.25420088134706020

[OBSTACLE]
192.91624202113598585 233.40538732148706913
192.84472372476011515 234.42317396122962236
194.84783449769020081 234.56404423248022795
195.81551672611385584 235.01924248691648245
198.45258030015975237 238.07753041200339794
199.22272186726331711 237.40868061687797308
196.35218730755150318 234.11625204514712095
195.46302304975688457 233.64443018939346075

[OBSTACLE]
65.92031256388872862 231.82172557897865772
65.13642892055213451 231.86665951833128929
62.87221490312367678 233.24801298789680004
63.17843414656817913 233.78671034518629313
65.09867372736334801 232.70244836993515491
66.24507305398583412 232.59102752991020679
70.15799263119697571 233.63114913832396269
71.16957991011440754 234.40935461316257715
72.28750730678439140 236.29384343046694994
72.82633529696613550 235.98765351623296738
71.48645775672048330 233.63008754700422287
70.92741786967962980 233.14102801680564880

[OBSTACLE]
266.01544334087520838 232.16970684099942446
265.20801325142383575 232.28479572758078575
263.16757976822555065 233.96303704287856817
263.53816765733063221 234.45949447527527809
265.20041020400822163 233.21898661181330681
266.43571242969483137 232.89829833339899778
270.56340143270790577 233.53719321545213461
271.53542573750019073 234.10328506119549274
272.88787775021046400 235.81773629970848560
273.38459594827145338 235.44713417906314135
271.76272452995181084 233.27389294374734163
271.13148089498281479 232.84049702808260918

[OBSTACLE]
172.96670809108763933 231.95303842332214117
171.31952133029699326 232.21245149523019791
167.51534616295248270 233.48348432686179876
167.83858445938676596 234.45085366256535053
171.64115110691636801 233.18035781010985374
172.97786321770399809 232.97775931842625141
178.89916768576949835 233.44205738231539726
178.97077163774520159 232.42450733389705420

[OBSTACLE]
182.94102650135755539 232.70382281765341759
182.86942283529788256 233.72127351164817810
188.87447310984134674 234.14377739559859037
188.94607723597437143 233.12632670346647501

[OBSTACLE]
98.95451633911579847 226.04396579600870609
86.44944887515157461 230.14370105694979429
85.81833803094923496 230.61095221620053053
84.68151003308594227 233.00727264583110809
85.23299989383667707 233.29019650351256132
86.16600968409329653 231.43732865713536739
87.14614985045045614 230.61190532706677914
98.60071536991745234 226.88322101533412933
99.87342824321240187 226.97972599137574434
101.84131870046257973 227.94329789467155933
102.12416098080575466 227.39176603965461254
99.71138522401452065 226.15414375718683004

[OBSTACLE]
61.18564408458769321 226.56645322497934103
60.87505458667874336 227.53810340445488691
66.59659689851105213 229.41846798174083233
68.25840120203793049 229.55673444923013449
76.24139724019914865 228.89033363014459610
76.15653344243764877 227.87390310782939196
68.17522715311497450 228.54006293322890997
66.82852980587631464 228.42034083604812622

[OBSTACLE]
264.22673628665506840 226.96057002805173397
264.08057030756026506 227.97006400767713785
273.99703050032258034 229.40591040253639221
274.15686479862779379 228.39855597820132971

[OBSTACLE]
299.04740341566503048 218.82513392623513937
296.58422577567398548 219.95910338312387466
296.01356958225369453 220.49839698709547520
294.30783722177147865 225.35088761150836945
294.29074877407401800 226.13233856204897165
295.46905623655766249 228.50954847037792206
296.03196506947278976 228.25030060950666666
295.16460358072072268 226.36629864852875471
295.10807710047811270 225.09132115636020899
296.47203595656901598 221.28286603931337595
297.33358040731400251 220.34136840701103210
299.30648693442344666 219.38813475240021944

[OBSTACLE]
284.33678912185132504 226.37553607858717442
278.32503491267561913 226.59927879367023706
278.36297886911779642 227.61856494657695293
284.37799730431288481 227.39472009055316448

[OBSTACLE]
89.21019246429204941 223.77648541051894426
81.62858571019023657 226.39180747419595718
81.96120788343250751 227.35601430851966143
89.54281409922987223 224.74079250358045101

[OBSTACLE]
181.85535611305385828 223.27729723043739796
178.65334065631031990 225.89889355096966028
183.99602927919477224 227.16703402809798717

[OBSTACLE]
172.92926817387342453 224.52495693322271109
171.56425259448587894 225.94646914303302765
175.36659527197480202 227.15308486763387918
177.30163136404007673 226.41801683604717255
176.97396060172468424 224.84572368115186691

[OBSTACLE]
296.78340362478047609 214.75042073428630829
292.81672816444188356 216.58219700213521719
292.11508424393832684 217.30241348221898079
289.09099543001502752 225.29474797006696463
288.37782906368374825 226.10119783505797386
288.57258821278810501 226.97410527337342501
289.09863199666142464 226.86426474899053574
289.80111566837877035 226.14328662399202585
292.82520877197384834 218.15084142610430717
293.53288860339671373 217.34691786859184504
297.20928015094250441 215.67735174763947725

[OBSTACLE]
94.21077831462025642 212.68133357912302017
93.88625938352197409 212.89750386215746403
102.98569157440215349 226.65047802682965994
103.41787491645663977 226.36301338672637939
103.18705692701041698 225.92761414032429457
103.07769887149333954 225.99141483660787344

[OBSTACLE]
208.97544349916279316 222.33148768730461597
207.61296707671135664 223.87807996664196253
209.81774306669831276 224.76964682899415493
211.89820932783186436 223.63156714662909508

[OBSTACLE]
97.62207308690994978 219.55551717802882195
94.15351769700646400 221.58752578124403954
94.66902543138712645 222.46768369153141975
98.13768337294459343 220.43557326961308718

[OBSTACLE]
192.23139321431517601 219.42157227452844381
186.74320427887141705 221.04575092438608408
187.03560562618076801 222.17862801346927881
192.52389648370444775 220.55444897990673780

[OBSTACLE]
105.34177349694073200 213.33252508193254471
99.14662473741918802 218.42572620883584023
99.79442596994340420 219.21367532666772604
105.98957558535039425 214.12037342227995396

[OBSTACLE]
278.80607346631586552 213.60389496572315693
275.70768713578581810 216.26489643938839436
275.47521136421710253 216.13279186561703682
275.58633838314563036 215.49422132037580013
271.94264522194862366 213.70923579297959805
270.15072055533528328 214.52939759567379951
273.24341232236474752 217.04927576240152121
274.38750143162906170 217.05703946761786938
275.82119963970035315 217.84629913326352835
278.93373845238238573 217.01380975730717182
280.06932326313108206 215.36909705679863691

[OBSTACLE]
181.59162955731153488 213.50207563675940037
180.42581658903509378 215.05283088330179453
181.03889774717390537 215.91642850264906883
182.82679537404328585 215.83811543136835098
183.01413835398852825 214.14839527755975723

[OBSTACLE]
208.53956535086035728 213.07336646132171154
208.17836384195834398 214.72405214142054319
209.26163249742239714 215.05732649471610785
209.97253438364714384 214.75792483333498240
209.96505624428391457 213.31192712020128965

[OBSTACLE]
285.26145644020289183 212.95961523428559303
282.05189065635204315 213.00400449801236391
281.49190755095332861 214.99931151885539293
283.86665097810328007 214.87553981505334377

[OBSTACLE]
64.65478947013616562 213.35138844605535269
61.44245075434446335 214.51713521871715784
61.49158056732267141 214.89559087809175253
64.78782830014824867 213.71803638339042664

[OBSTACLE]
285.71383225545287132 208.17542775627225637
284.09937325678765774 209.25143159646540880
284.39123110473155975 210.26929069217294455
286.08600849192589521 210.84342265874147415
286.84123165067285299 209.25718150660395622

[OBSTACLE]
88.80286838766187429 204.44974779710173607
88.40241793170571327 204.73376087471842766
73.46951653156429529 210.15263615362346172
73.64345195144414902 210.49903050158172846
88.61177816521376371 205.07259493228048086
88.68636755365878344 205.18620673660188913
89.10381108615547419 204.90791136119514704

[OBSTACLE]
207.60530599672347307 205.71571011375635862
202.66203323099762201 208.14027235284447670
203.70220557320863008 209.01646304037421942
206.87338003050535917 209.04863776545971632
208.38525773026049137 207.74136690050363541

[OBSTACLE]
227.90957019478082657 204.34248202107846737
227.79908294044435024 204.58872914314270020
236.94062775187194347 208.69141720421612263
237.05121908523142338 208.44507167395204306

[OBSTACLE]
280.59769651573151350 193.11311096325516701
275.25240856502205133 195.70059082377701998
274.37491601239889860 201.44791664183139801
270.89838044997304678 207.17330906540155411
279.37407786492258310 208.47615970484912395
285.55621992610394955 196.92043575644493103

[OBSTACLE]
199.90499260742217302 204.41994103416800499
199.40502348914742470 205.43383762147277594
199.58777830284088850 206.18330514524132013
201.01829430926591158 206.39541693497449160
201.47853214200586081 205.03576596174389124

[OBSTACLE]
181.32346094120293856 196.70093202125281096
180.62663041427731514 197.55937848705798388
181.21798660699278116 198.65482978150248528
182.02121035195887089 198.88905675429850817
182.85605630371719599 197.75484036095440388
182.50675880815833807 196.88579701725393534

[OBSTACLE]
168.36707339435815811 178.61334986519068480
162.64154889713972807 179.19434822909533978
160.04014713875949383 180.57045644801110029
160.33249925728887320 181.11753119062632322
162.26841521076858044 180.02698475588113070
163.69664117228239775 179.67616969533264637
167.70377202332019806 179.23998374491930008
169.15770812332630157 179.46517974231392145
174.94010416045784950 181.17391700670123100
176.19358146842569113 181.94066330604255199
179.29002599325031042 184.49350378010421991
179.85981956217437983 185.68982056155800819
180.05794449336826801 187.70340700075030327
180.67353264521807432 187.63192067574709654
180.49926930945366621 185.43896013870835304
180.08691115491092205 184.22857323568314314
175.79289629682898521 180.84847041033208370

[OBSTACLE]
155.98999990057200193 185.44000004790723324
155.98999990057200193 187.45989979244768620
161.00949771236628294 187.51040089502930641
161.01000263821333647 185.44000004790723324

[OBSTACLE]
200.81633392535150051 177.49318046960979700
197.45936158765107393 177.57908226456493139
194.53810419607907534 179.68124984949827194
193.38902955781668425 182.73736979905515909
193.52076435834169388 186.14099661447107792
194.77819495461881161 185.87955258414149284
194.64218687824904919 183.02308876067399979
195.67169355321675539 180.28825305774807930
197.67704368848353624 178.84604104235768318
200.63068570289760828 178.69894294440746307
203.75757677573710680 179.24192042089998722
205.88907355442643166 180.56457062903791666
207.79201754927635193 183.16929419897496700
210.69734261091798544 185.04674284253269434
218.18218175787478685 186.24171708524227142
218.40678064525127411 185.01099623460322618
211.05475624464452267 183.86773265898227692
208.77483200374990702 182.44633768126368523
206.88665324449539185 179.86276648938655853
203.88648185320198536 177.96343215275555849

[OBSTACLE]
164.61158879566937685 173.82784389331936836
161.58379655145108700 174.82964275591075420
161.64129959512501955 176.88994899112731218
163.83357958309352398 176.03977004066109657

[OBSTACLE]
168.41545898932963610 171.64970169775187969
167.11570687685161829 171.97491744067519903
167.23831139504909515 173.09122627228498459
168.63241191674023867 173.65606497041881084
169.33322649169713259 173.63270482141524553
169.46667130477726460 172.37524588219821453

[OBSTACLE]
177.72826374787837267 170.18974175397306681
176.08167354483157396 171.27247698046267033
179.52116865199059248 173.29360504355281591
181.56923047825694084 172.99306465964764357
181.60074669215828180 171.40079550724476576

[OBSTACLE]
217.50898160319775343 168.88269061222672462
215.53827617410570383 169.48647321388125420
216.94936136063188314 171.40074637625366449
219.31785529665648937 171.51168722100555897

[OBSTACLE]
206.09034034144133329 165.62882037647068501
204.31259614508599043 166.40728930197656155
204.49467252474278212 167.44782613497227430
206.00963662937283516 168.28876751940697432
207.00274181179702282 166.90342020429670811
212.01863053720444441 169.55569019727408886
212.59329836629331112 168.53638761769980192
207.47305292170494795 165.88308087829500437
206.99792431667447090 166.87111762259155512

[OBSTACLE]
211.43408315908163786 140.62546497490257025
210.52326556667685509 142.42851651459932327
215.00391667988151312 144.69213509839028120
215.91473451256752014 142.88918390404433012

[OBSTACLE]
179.66046403534710407 131.10057656839489937
178.90007628686726093 132.53093591611832380
183.59763601887971163 135.02812383882701397
184.35802386142313480 133.59766364563256502

[OBSTACLE]
222.99618736095726490 130.25490094441920519
221.96070530079305172 130.62755694240331650
222.10214382316917181 131.92452878225594759
223.38457300141453743 132.84252813924103975
224.12638888694345951 131.07385520171374083

[OBSTACLE]
216.25589982606470585 126.99767610523849726
215.95790289621800184 128.12902603857219219
221.53016076609492302 129.41441430617123842
221.83293973375111818 128.28428388293832541

[OBSTACLE]
186.70072591118514538 115.21205051522701979
186.18209858890622854 115.22931740432977676
185.98029149323701859 121.66348499990999699
186.49998506810516119 121.67960542906075716

[OBSTACLE]
183.19639046397060156 108.29673577286303043
182.90096089616417885 108.72454216051846743
186.30683835968375206 111.14115132857114077
186.24694146215915680 113.06928757857531309
186.75708033051341772 113.00485688447952271
186.83672038931399584 110.84540179930627346

[OBSTACLE]
168.06264361273497343 96.30719212163239717
167.72492645308375359 96.70260307192802429
172.55172294098883867 100.98997726477682590
172.60296210646629333 100.85773782059550285
175.93921344820410013 103.67195588722825050
176.27367062680423260 103.27363471686840057
171.27470461186021566 99.18279166053980589

[OBSTACLE]
105.72926816623657942 90.39333588071167469
105.42014616355299950 92.05363622494041920
106.45170368719846010 92.37735883612185717
107.16258089430630207 92.07790461461991072
107.14499749429523945 90.63188699819147587

[OBSTACLE]
201.88988504651933908 84.96481307502835989
199.69706299249082804 87.04134490713477135
201.77361480519175529 89.23414692468941212
203.96643685922026634 87.15762509498745203

[OBSTACLE]
167.67616511043161154 76.64383977092802525
163.30825356487184763 76.66375533863902092
163.30544520262628794 77.18385824281722307
167.40135508403182030 77.11989587265998125
170.35590849537402391 80.14276201650500298
170.17562042735517025 88.21672166325151920
167.74606907926499844 88.22211819142103195
167.64646899886429310 80.64137468673288822
166.16387970000505447 80.64819169323891401
166.11199038755148649 80.37367922253906727
164.46799996681511402 80.47258035838603973
164.46799996774643660 79.65702008828520775
162.44800011999905109 79.65702008828520775
162.44800011906772852 80.66525566764175892
161.68665556050837040 80.66875172313302755
161.57911960408091545 80.46521138120442629
161.72707857657223940 80.25045729242265224
160.75126549694687128 79.42670589033514261
160.29666122794151306 80.09611882083117962
160.84178371075540781 80.38520415592938662
160.77090655453503132 80.67295679263770580
159.61245589982718229 80.67827633768320084
159.62205094099044800 81.34537571202963591
157.97313705366104841 81.29980969056487083
157.88835541717708111 79.56137427128851414
161.35374251659959555 77.10977308079600334
161.11282511241734028 76.65359119698405266
157.45018641185015440 79.24297464359551668
157.46164225600659847 81.28566834330558777
156.52010053023695946 81.25965975597500801
156.51989941671490669 85.27993949409574270
159.67894350364804268 85.28007952496409416
159.72834313753992319 88.69735459797084332
170.48922020476311445 88.73608595971018076
170.48882037773728371 88.53628178965300322
170.68863494694232941 88.54065996594727039
170.72989796567708254 82.08016406372189522
170.87766021862626076 79.92320150136947632

[OBSTACLE]
153.84054227359592915 86.86470308993011713
150.04366343375295401 87.28388760332018137
150.19945766683667898 88.69530716631561518
153.99633696489036083 88.27612219750881195

[OBSTACLE]
159.90234739892184734 71.32353840954601765
158.95393845438957214 72.63689272105693817
160.10515258647501469 73.46822143066674471
161.05356152169406414 72.15487719140946865

[OBSTACLE]
104.75922624021768570 68.35736091155558825
99.57270815223455429 68.99797242600470781
99.42943397350609303 70.07303498964756727
101.07583973091095686 70.68658680003136396
105.76098148524761200 69.97302508354187012

[OBSTACLE]
185.14561667013913393 51.06862047873437405
185.01115239597856998 51.56611751485615969
191.18185693491250277 52.35341931413859129
189.15464782621711493 68.80225892551243305
181.26905111037194729 67.51011379715055227
181.54824614431709051 65.34004520997405052
182.59105641767382622 65.38486849423497915
182.80214182101190090 64.56817843206226826
188.89878952596336603 65.44158414006233215
188.96382418554276228 65.01579541899263859
189.17714572604745626 65.04123371839523315
189.51691338326781988 62.19141469895839691
189.39734586793929338 62.17715421784669161
190.10420241858810186 57.54919739160686731
182.17047127056866884 56.37585475575178862
182.11443100590258837 56.75455589033663273
181.96398648712784052 56.71611562650650740
181.58779940474778414 58.18856486491858959
181.88972235471010208 58.27411658689379692
180.99703790619969368 64.30958439782261848
181.15544563718140125 64.33227416314184666
180.71023547276854515 67.85465360619127750
183.01574461627751589 68.36483125574886799
189.40247219335287809 69.36464072577655315
189.42290653847157955 69.16538334731012583
189.63060168363153934 69.19097803905606270
191.73694824799895287 52.10028830077499151
191.53857491258531809 52.07584153395146132
191.56357124820351601 51.87741859443485737

[OBSTACLE]
173.55411600414663553 63.13000985328108072
172.54856028966605663 64.93999978248029947
173.55411595664918423 66.75002005882561207
175.56588393542915583 66.75002005882561207
176.57143960148096085 64.93999978248029947
175.56588388793170452 63.13000985328108072

[OBSTACLE]
204.07852980308234692 51.36877850070595741
195.78517086617648602 59.05106702726334333
201.43685408215969801 65.15681173466145992
209.74424526561051607 57.46714312303811312
207.55758126918226480 55.11347415018826723
208.65426637046039104 53.94473019335418940
206.19320295657962561 51.72199567779898643
205.32201708480715752 52.70716145914047956

[OBSTACLE]
224.83002645801752806 43.13203385006636381
219.14789547491818666 43.78839457221329212
219.59078432805836201 47.90303231868892908
218.83596031833440065 47.99058331921696663
219.01694542728364468 49.61636712308973074
219.77568547613918781 49.62084759958088398
219.80169298406690359 49.86246910132467747
221.35293186269700527 49.60194604098796844
221.37752432655543089 49.86850436683744192
222.62515057902783155 49.66876754444092512
222.71153487078845501 49.84651784691959620
224.04543469846248627 49.48113982845097780
223.99245364218950272 49.29142255987972021
225.51546885352581739 49.28242439683526754

[OBSTACLE]
216.54054233059287071 47.47472313418984413
212.74356249719858170 47.89390766900032759
212.89945842511951923 49.30532710626721382
216.69633656274527311 48.88614221569150686

[OBSTACLE]
166.84350505191832781 46.65230729803442955
165.62698621675372124 47.72212504874914885
166.03649522922933102 48.18770246487110853
167.25301359780132771 47.11788517981767654

[OBSTACLE]
189.26046361494809389 39.14052605070173740
188.50007625669240952 40.57097613066434860
193.19763633888214827 43.06806379836052656
193.95802369713783264 41.63761371839791536

[OBSTACLE]
223.84382746461778879 38.60916200093924999
218.85003164317458868 39.12139276973903179
219.05617258511483669 41.13084825966507196
224.04996840655803680 40.61861749086529016

[OBSTACLE]
173.73964928649365902 32.88249456137418747
170.62855447456240654 36.82222085911780596
174.25435067340731621 39.68542562797665596
177.36544548533856869 35.74569933023303747

[OBSTACLE]
169.41837666742503643 2.75316133908927441
169.84788476489484310 24.52753352932631969
179.41793794464319944 33.55629644263535738
179.78705869708210230 33.17294249683618546
170.36031421646475792 24.14647840242832899
169.93062202353030443 2.81152922287583351

[OBSTACLE]
172.67976055201143026 20.06128982547670603
170.93033986166119576 21.07123925071209669
173.44023934099823236 25.41874025855213404
175.18966003134846687 24.40879083331674337

[OBSTACLE]
164.70753668714314699 1.27273796591907740
164.51306909509003162 9.59046159684658051
169.03176239412277937 9.69613895099610090
169.04633239191025496 9.07630542106926441
165.04743082821369171 8.98279938753694296
165.21056333184242249 2.00470311287790537
169.20946304220706224 2.09822310414165258
169.22633162327110767 1.37841444555670023
