[SCALE]
1.0

[BORDER]
362.86248918063938618 0.25540902744978666
353.26687408145517111 7.82791656628251076
347.15589181892573833 12.23773679975420237
343.87015114165842533 15.69692697748541832
340.96754748281091452 16.76999555528163910
331.13343497179448605 23.88597943075001240
325.60378874372690916 29.85957371164113283
322.72107088752090931 36.58438250236213207
317.66182125732302666 46.13677596487104893
313.72105354443192482 55.89368101209402084
313.49474316835403442 55.91811437066644430
310.69242164772003889 51.81276921462267637
304.79957550019025803 61.94971678219735622
304.49654162582010031 65.52776097133755684
300.39658771082758904 69.84842415433377028
301.13963521271944046 77.53421139623969793
295.90776348952203989 79.87815955188125372
294.62528659123927355 87.44608705025166273
293.77556478977203369 87.15997546818107367
292.98965322226285934 87.31458272319287062
293.22827281616628170 88.15771032404154539
295.60056472569704056 89.08243941050022840
307.94574456661939621 89.48078295495361090
310.13998781330883503 89.71606322098523378
310.58713516779243946 89.57745556533336639
318.15483016427606344 89.85441035497933626
320.74952747300267220 88.14516276959329844
323.21879472024738789 86.89327961765229702
330.49523013643920422 82.17665211670100689
330.33628063835203648 81.93141725100576878
330.54243724513798952 81.71431037969887257
337.02246475964784622 85.45335983205586672
337.14608683716505766 85.23904876317828894
337.39985210541635752 85.37723884731531143
340.83741143159568310 79.14572865050286055
335.04354249127209187 75.98875548131763935
331.81656102742999792 81.84923940431326628
329.81613724678754807 80.69494100380688906
329.55623973533511162 81.14526322018355131
330.38912913389503956 81.62584986072033644
326.66015772707760334 84.04291420523077250
321.93133249320089817 78.43919343966990709
326.46643937006592751 73.52154274284839630
335.98532090056687593 66.34677980560809374
336.75049594882875681 69.55144925508648157
340.73209922853857279 68.60061712656170130
341.76128759514540434 72.25253775529563427
349.48063763882964849 70.07711256388574839
347.31050209980458021 62.37653250060975552
357.10287740174680948 59.06784844957292080
360.47165654227137566 64.20457191579043865
378.78054130356758833 67.15257099829614162
387.89315385930240154 66.34482096228748560
387.94692606665194035 77.21131912339478731
395.54477687831968069 82.36322042904794216
395.51443872414529324 82.59548923466354609
388.03418272361159325 85.20871611405164003
378.64647796750068665 71.27817941457033157
372.01991777401417494 75.78951116930693388
372.92508065421134233 81.42040092963725328
371.79217106848955154 82.29056602437049150
372.65807248465716839 83.41592309903353453
373.26326027326285839 82.95033999718725681
374.52297666296362877 84.77146641258150339
373.85721884667873383 85.21813660394400358
375.03984041977673769 87.07440896425396204
375.78668292518705130 86.59836084302514791
377.69775344803929329 89.36112636793404818
379.82655365951359272 89.73501375690102577
379.87388566788285971 89.99555551446974277
375.84873673599213362 92.37170214578509331
372.64535328187048435 90.74638083204627037
372.41870195791125298 91.18738144636154175
375.53053334169089794 92.67556180339306593
375.67596033308655024 92.96027506981045008
380.78184049203991890 89.90279383584856987
384.76917045842856169 90.60315182432532310
387.02067165169864893 89.07027833722531796
387.22681187465786934 89.18808344658464193
386.71579992771148682 97.00097128469496965
386.71480595599859953 99.65934920124709606
381.26855916157364845 97.21327362488955259
378.85800627153366804 102.60531593859195709
377.35881806444376707 101.99957427568733692
378.39053506683558226 99.44601895380765200
378.18074897490441799 99.43545765709131956
377.05362790822982788 102.16760805901139975
378.02045993320643902 102.53343324735760689
377.93790990952402353 102.86171834729611874
377.39799994882196188 102.79059644415974617
377.39799994882196188 103.71327176131308079
378.19434320740401745 103.61769827734678984
378.32569147087633610 103.79599713720381260
377.17328806500881910 106.37375108432024717
383.49165232200175524 109.19590900652110577
387.57800045609474182 100.04706635698676109
386.95617104042321444 99.76779565494507551
387.58040648885071278 88.68918934464454651
387.75205505453050137 88.57232877612113953
388.13944727089256048 85.51087023783475161
396.06153574213385582 82.70653450023382902
406.49748143833130598 96.12473545037209988
406.74772647395730019 106.62503149081021547
399.48910812381654978 117.30503959022462368
399.84441404230892658 117.54652145877480507
395.08058979269117117 121.99434203188866377
399.88441149611026049 137.47448251023888588
399.95959361176937819 147.53151684720069170
399.02004653681069613 152.95232439227402210
405.31193726975470781 158.06722111999988556
406.44058984890580177 180.42168062552809715
399.48044121917337179 182.02032296638935804
378.31044085230678320 194.57406251411885023
377.82894474081695080 200.65071365330368280
381.57305572181940079 205.92932515311986208
380.01850127521902323 210.79982826765626669
380.00859744939953089 221.58563879970461130
387.74232329986989498 233.58657425362616777
389.69424276426434517 251.02495479304343462
394.52791664563119411 269.44628039561212063
400.56022662017494440 280.90951653290539980
444.68034080229699612 183.69928115792572498
444.98000000044703484 183.76410133950412273
444.97999999951571226 365.67671820055693388
422.90343618486076593 356.50717747025191784
415.95906736887991428 358.30971167702227831
411.97353948093950748 360.40678473003208637
392.20297405682504177 341.34030813351273537
384.71908207703381777 330.41784136462956667
379.32430762331932783 321.69329409953206778
379.93218316603451967 313.30525656975805759
380.20712864119559526 313.24318125937134027
384.72218226082623005 321.19433634728193283
390.34095329325646162 325.24330253805965185
397.40281998366117477 324.80447299312800169
404.70106262899935246 332.59719272144138813
407.15213085338473320 340.25257684942334890
411.36732724774628878 339.04830669611692429
408.17916735354810953 329.89983204100281000
408.40020387154072523 329.73299225326627493
408.80472043622285128 330.00195702072232962
399.50720495730638504 287.12624485138803720
388.93505250941962004 289.14840409066528082
387.12866651173681021 281.17644096352159977
386.42282767314463854 281.23109465930610895
385.49889484979212284 289.09779455419629812
379.75290658231824636 299.60051896050572395
377.99691222049295902 304.79773355461657047
377.32586644869297743 314.54449396394193172
376.35484139434993267 319.52014554943889380
377.14856285881251097 324.36783922649919987
385.35233868192881346 337.25798693858087063
393.60351632442325354 349.45781570486724377
397.42677586060017347 351.01576598268002272
409.80815485678613186 363.81895428895950317
438.96532810665667057 373.18265298940241337
444.98000000044703484 381.14635211136192083
444.98000000044703484 419.98000015877187252
416.45826993603259325 419.98000015877187252
414.07565894816070795 414.02397195994853973
398.72512426506727934 401.04776759818196297
390.75259816460311413 395.09709445759654045
385.81280488893389702 388.29693058505654335
382.89137982204556465 382.30538920965045691
378.49097616039216518 375.10956444032490253
377.70735689066350460 371.72891821246594191
373.66466488968580961 367.25464194454252720
371.09540215227752924 361.99888633098453283
363.74108890444040298 357.50786251295357943
360.52545648161321878 354.35041079297661781
358.06091064214706421 351.56501170247793198
353.76598020549863577 353.09500585030764341
352.32961623650044203 357.34053563885390759
355.98691245820373297 360.62653822079300880
357.79853354487568140 366.23349287826567888
365.59978388249874115 373.95573474187403917
373.80842074938118458 387.53249535057693720
380.94254995416849852 394.40040884539484978
384.33422691375017166 398.75412088632583618
392.78117813915014267 404.69767166953533888
400.03233041521161795 409.45536559727042913
404.36756554991006851 419.98000015877187252
310.60719285067170858 419.98000015877187252
310.60657618474215269 419.60061782691627741
398.72552394308149815 419.31415196228772402
394.16378730069845915 408.05989023856818676
381.60514429491013288 410.03186715021729469
376.54500669054687023 413.45548574719578028
371.48228949774056673 403.93667761515825987
366.59363936632871628 397.83529348671436310
358.30828634649515152 393.01389535050839186
354.46185960900038481 387.37353576906025410
350.78883016668260098 376.18493226636201143
340.59950537513941526 366.32533132191747427
333.18301558215171099 364.71694319788366556
324.97461358271539211 361.08346027694642544
320.68970273435115814 357.37623878289014101
319.51504248939454556 350.96414817217737436
316.34169845096766949 346.43890716973692179
306.67651164066046476 342.85542541276663542
292.65510202199220657 338.53959028702229261
283.96696108672767878 330.32112894859164953
283.74026715755462646 316.24298198614269495
277.92661971040070057 302.59480198472738266
273.31267253682017326 299.16197891440242529
274.29491399321705103 294.27574525028467178
274.19782805163413286 290.25766235217452049
272.83935073763132095 282.83951275423169136
271.22717657592147589 280.60153903439640999
268.61536609288305044 278.10339261963963509
270.95252045989036560 273.55594251397997141
277.50187332183122635 266.64773128647357225
277.71001673676073551 264.15326025988906622
273.39019258972257376 263.99501382745802402
269.38641933165490627 266.23649563174694777
269.70316169317811728 267.58219534810632467
272.76405815035104752 267.64643749129027128
272.86064318474382162 267.87118326406925917
265.32647362165153027 276.15513777453452349
265.23472198005765676 279.26506360713392496
268.60928436182439327 281.30170175526291132
271.68705035187304020 285.86295617371797562
271.86384516861289740 289.69142386224120855
272.58534917887300253 292.66204694844782352
271.18770814593881369 296.01562223210930824
270.83535968326032162 299.92850256059318781
257.10150492750108242 301.33572660852223635
252.83633110765367746 296.16874854359775782
252.22940835729241371 291.08664252236485481
245.31249109748750925 287.42528402898460627
241.21456742379814386 288.15062530338764191
241.06447277776896954 290.12374119460582733
244.26133753173053265 289.37202296126633883
248.77410999033600092 291.41351352073252201
248.56756706908345222 297.03378398623317480
253.65882804431021214 303.19940218143165112
258.53619179315865040 305.12879901938140392
259.77006581239402294 310.89584655221551657
269.11583514884114265 317.41550372634083033
274.43671722430735826 317.75141580030322075
276.52378131262958050 319.09880618751049042
280.14987252652645111 318.60692521836608648
279.85669088084250689 324.68694069702178240
279.83328502997756004 331.05593140982091427
288.66695178393274546 340.18358910549432039
281.72163708135485649 342.93461044412106276
256.18533637654036283 330.94292270578444004
246.23354073241353035 334.37606710102409124
239.88516666274517775 345.40371230151504278
237.82575941551476717 363.63480566721409559
222.21089621353894472 377.68635306507349014
199.12737713102251291 371.59951564576476812
186.54308523982763290 357.12164713535457850
165.13876257464289665 356.42542726732790470
149.74585149623453617 363.62315752264112234
148.61391334980726242 372.10313318483531475
152.18166758771985769 377.84165609441697598
151.00798907410353422 386.97153309453278780
139.57715509086847305 396.84821755532175303
135.92427350115031004 386.70867415890097618
118.78026068117469549 383.92129202745854855
119.25353804696351290 377.02676998637616634
124.77969637047499418 370.28487168159335852
132.49087725114077330 369.39816946350038052
142.61807085387408733 360.27811160404235125
143.82049456890672445 347.16794191580265760
152.09431346505880356 338.67853462975472212
147.65776681434363127 338.12601308710873127
141.46301040053367615 343.84557244554162025
138.75555362086743116 355.98157582525163889
132.14830905944108963 363.96362082567065954
120.13847802579402924 369.32130922842770815
112.66696706600487232 382.52771736774593592
96.63811424747109413 378.67998736537992954
82.99399469979107380 387.34717148914933205
74.10088258143514395 386.95605876296758652
67.45403638761490583 388.21090046875178814
65.41300993878394365 379.56661334354430437
69.55204176157712936 375.40812716167420149
71.24334434978663921 376.47357528749853373
67.91583940945565701 381.06935853790491819
69.20428593363612890 381.82431933656334877
74.42215699143707752 376.64158988650888205
77.59390412643551826 371.89747739862650633
77.85822261590510607 369.23270803224295378
82.82174962945282459 365.43883842788636684
88.09928543958812952 364.36067525204271078
93.62216521427035332 367.03677750844508410
104.07569888606667519 366.68414156604558229
115.87293763365596533 362.46164031885564327
117.38305836357176304 353.49642603751271963
114.61376416962593794 354.32277428731322289
113.41196162719279528 358.44359079282730818
100.39178050868213177 363.07277589477598667
95.07876736391335726 363.62064430769532919
87.21246756706386805 359.50757809448987246
80.32225770410150290 361.22462599910795689
73.53200330585241318 367.59160894155502319
72.98825564701110125 370.80079908482730389
69.69203216023743153 373.56222194619476795
66.80350200459361076 372.80884446389973164
61.83477043733000755 380.10580865666270256
62.21628027036786079 389.24122524913400412
60.51161390263587236 389.57697154115885496
52.82249173708260059 395.85276066046208143
52.83029429614543915 400.44468047097325325
47.37451470643281937 407.73575683869421482
44.00620848312973976 403.43987061828374863
36.49055998213589191 419.98000015877187252
0.00000000000000000 419.98000015877187252
0.00000000000000000 404.49204338807612658
0.37669511605054140 404.48876712284982204
0.51987255644053221 412.71920015010982752
26.16565403901040554 385.96617004182189703
35.37332236301153898 374.28858724795281887
35.66608497314155102 374.48739530704915524
34.45187813695520163 376.58171633444726467
20.93355176318436861 394.12382087018340826
13.53646158520132303 406.20603438932448626
0.52164017315953970 414.60638068523257971
9.84699394926428795 419.40177291724830866
21.89871178008615971 406.33015441242605448
25.63586904946714640 399.82740667089819908
40.50269073620438576 379.95637883991003036
46.90486647747457027 370.88167939241975546
51.04324330482631922 360.34782886225730181
57.08644834067672491 349.75822236761450768
63.99600435048341751 341.46247649192810059
72.42425266094505787 339.07160310633480549
88.82442307937890291 326.57699239533394575
92.36669717542827129 297.15442395489662886
81.56124604307115078 298.07387948874384165
79.31604781653732061 304.65058717504143715
79.03237225953489542 304.63879492878913879
78.25876812543720007 301.55631417315453291
76.77131819166243076 303.07576472964137793
75.23037392459809780 308.23449219111353159
72.62176791951060295 313.39021277427673340
66.28197051584720612 321.88563369587063789
55.02533799409866333 330.19630978815257549
50.21245412994176149 336.12314743548631668
52.51853776723146439 335.92606545798480511
59.92878468148410320 329.44710065796971321
68.02168299164623022 323.08771668188273907
69.55227275472134352 320.85433605033904314
71.78265729267150164 320.17053295299410820
75.17327331472188234 315.80388685595244169
75.45646497327834368 315.95661748945713043
71.24262319784611464 328.30007808282971382
55.73306969366967678 340.06153621524572372
45.44924465660005808 357.67122912686318159
45.12846997566521168 357.50502107758074999
50.81109984777867794 345.02576145250350237
42.17790720798075199 350.94727926887571812
33.45468667242676020 339.11773851793259382
38.60140596330165863 336.34477788396179676
44.26188822463154793 335.36980969645082951
44.20038804411888123 329.46878752019256353
42.61515664402395487 322.73370482400059700
36.88739081565290689 313.55266284942626953
37.56610137317329645 308.50547308195382357
44.28378192335367203 308.17816394567489624
48.10433334112167358 303.57769535575062037
56.97008231747895479 298.51806830614805222
56.38631397392600775 295.92853350564837456
52.81454589590430260 296.08930672798305750
52.56004560831934214 278.95911631081253290
55.25106616597622633 274.99511794652789831
56.12760513089597225 263.62172119133174419
61.33548287209123373 257.93981733638793230
61.54772546049207449 250.94133234303444624
58.06537774018943310 247.42565552238374949
56.19965720921754837 238.57256247196346521
39.46992212627083063 236.01251974888145924
31.69949340075254440 241.30647287797182798
31.47973221261054277 241.03090270236134529
38.09943941421806812 234.88448730111122131
38.32692622020840645 218.57086880411952734
42.72660411428660154 215.58688430581241846
41.76006888691335917 214.38853459246456623
41.95813596714287996 214.14934020116925240
43.29357741959393024 214.86364668607711792
48.12877964600920677 221.46436618547886610
50.93292939476668835 218.69617644231766462
51.05476191546767950 211.49926367308944464
32.78525741118937731 189.69060315005481243
32.94929570239037275 179.24690108653157949
39.67763648182153702 176.44444849435240030
42.82233042176812887 172.78571484051644802
50.50951169896870852 174.21692759543657303
50.57803808432072401 173.90150492917746305
56.33009108714759350 174.59967417456209660
64.60018338542431593 182.80440724082291126
66.99426009971648455 188.79726438969373703
68.11191785614937544 202.08483399078249931
73.39208000339567661 211.46415563952177763
80.83045674487948418 215.56997885648161173
80.56521887890994549 215.02489483170211315
80.87773096468299627 214.84331954177469015
86.52853434532880783 223.53599620331078768
94.67561161983758211 223.86045172810554504
84.98369833547621965 199.20116589404642582
85.89232467859983444 181.64194950927048922
81.00899388268589973 172.03449178766459227
76.40208464022725821 154.68040648009628057
76.59813806787133217 154.52581928484141827
80.56018685176968575 156.66415318846702576
81.37548278179019690 164.69166513253003359
87.26556086353957653 171.20229177270084620
89.12680004257708788 170.97630936652421951
82.95252896752208471 163.11380835343152285
82.87116174120455980 159.15523557644337416
84.76446925941854715 158.68391482345759869
84.20042420178651810 155.26719846017658710
80.05010976362973452 148.90163927897810936
79.82300847396254539 141.46577751543372869
80.40389090031385422 131.10304598975926638
80.96067646797746420 114.33624358847737312
85.29833616875112057 109.35114492475986481
85.60185913648456335 105.11071454454213381
90.66801308933645487 102.68924117460846901
88.15241204760968685 101.17508287541568279
84.93527477048337460 103.71408422663807869
83.56030650530010462 105.46113710105419159
83.91662107966840267 108.64787527639418840
79.18193217180669308 113.29804912954568863
73.66832912806421518 116.83085220865905285
73.46204445045441389 116.51688702218234539
78.80327830836176872 112.91921928990632296
81.95932731404900551 97.48143171146512032
79.18029858171939850 92.36338806897401810
82.21745228301733732 87.90386598929762840
77.94892361015081406 84.58737836685031652
80.89890520274639130 77.00797157455235720
91.36059312243014574 76.33785687386989594
102.90538453031331301 74.77169522736221552
106.70704410877078772 73.57877226453274488
106.58798561152070761 71.93089489173144102
106.88468088023364544 71.60894506052136421
111.53852246236056089 60.16751329787075520
112.51993543747812510 58.19099747575819492
112.66491415631026030 55.48343292623758316
111.91708235815167427 54.89849815797060728
111.43744094856083393 55.52498755604028702
110.90065690595656633 59.95226181950420141
111.04957765247672796 60.00478243082761765
107.21941879112273455 69.23392986506223679
106.68192172702401876 69.89743177779018879
106.43541614618152380 69.82000226248055696
106.38305280823260546 69.09565246477723122
110.55423164553940296 59.60286289080977440
105.22219526022672653 54.85988224949687719
98.61538480594754219 51.47234044317156076
99.49398286454379559 49.52020542696118355
104.35430251713842154 49.81913414038717747
104.35010102577507496 31.92554598208516836
112.86583458818495274 22.81797859165817499
112.25128722935914993 15.66787913255393505
130.42599028255790472 22.30974004510790110
150.68745012581348419 31.82773382868617773
167.39010820630937815 44.12877178657799959
184.43048927094787359 54.82940154988318682
175.42274495027959347 62.45902895648032427
177.68693136889487505 66.81465213187038898
182.17840602248907089 60.63885696604847908
190.62117194570600986 71.14501916617155075
188.99928690027445555 74.80951464083045721
191.51036550384014845 77.56612270511686802
194.94219183269888163 74.61136642377823591
193.98696891963481903 69.83735572174191475
189.64019950851798058 63.94322424940764904
189.75553577765822411 63.73084218427538872
200.05184075329452753 64.34563410561531782
201.82152506243437529 67.97404486779123545
206.68369736894965172 69.92631952092051506
209.25387208350002766 79.47970952000468969
213.26858210097998381 73.14390053879469633
212.72975079808384180 68.91456517390906811
207.42310373764485121 61.09026295039802790
207.56264701019972563 60.87819019332528114
216.52297757938504219 62.59326060861349106
224.93425304815173149 63.84464056231081486
226.43534543551504612 66.72979800309985876
229.42178350035101175 63.51413583196699619
230.05994122941046953 54.89958256762474775
242.32142847869545221 61.65970846731215715
243.04385669063776731 69.20572689175605774
246.39701932016760111 66.12682264298200607
249.15022978000342846 60.26618917379528284
249.38053721841424704 60.25671342946588993
253.83339422941207886 68.00819963775575161
263.06371021270751953 68.16879214346408844
268.37307176366448402 60.41195163503289223
277.43629636242985725 59.80223925132304430
289.28504260815680027 53.73255213908851147
293.54970318917185068 56.52793685626238585
301.65924277715384960 56.15872087422758341
311.12476903572678566 47.22794662788510323
320.13584399968385696 27.70886719040572643
334.93651899229735136 18.32458752579987049
355.57139199320226908 0.99645619653165340
226.62700157612562180 2.22259914595633745
110.89516223222017288 0.37697027157992125
110.89816790074110031 0.00000000000000000
362.77384811732918024 0.00000000000000000

[OBSTACLE]
216.48295477870851755 333.13767323549836874
205.96024112403392792 339.10101312026381493
186.85016210470348597 334.91855086013674736
177.70025896653532982 339.73460058961063623
183.18608006648719311 347.68766848091036081
197.81207538209855556 351.40097840968519449
202.03374415729194880 358.43696016166359186
206.37998435925692320 360.82806865498423576
213.30178453866392374 361.18411531858146191
220.37304183281958103 357.86156439874321222
226.20356025081127882 350.58814810030162334
229.32283464446663857 341.14340882748365402
225.41194295976310968 334.56206308305263519

[OBSTACLE]
289.77807977795600891 288.95029699429869652
289.21013541612774134 289.58711307961493731
289.77463256847113371 290.06617341842502356
291.96130550559610128 290.71101281978189945
290.05062309000641108 297.60032332688570023
292.44125105906277895 307.28008426353335381
296.71908403281122446 317.64178129192441702
303.56012008804827929 328.12516372092068195
314.64161353185772896 333.88174593169242144
329.16195839364081621 339.36892285197973251
337.18983409740030766 345.59656023327261209
341.64067544974386692 341.99127997644245625
343.32545912638306618 335.35438977088779211
340.93598348274827003 333.40003927331417799
330.93997627589851618 332.43088049814105034
325.89467377308756113 329.18280895426869392
315.39991082716733217 323.88385662529617548
315.49793807882815599 323.57541768997907639
328.71687623858451843 325.54450915846973658
328.14659015089273453 322.05063903983682394
318.97479923442006111 314.03194887749850750
313.27931168582290411 308.13644676562398672
308.30813105031847954 308.17510016635060310
304.27089307922869921 310.44949686340987682
301.64974065776914358 302.36261516995728016
301.99805527180433273 302.23895425163209438
302.98096824903041124 304.78178288973867893
314.43562189582735300 305.88382948096841574
312.21153903193771839 301.76235743332654238
305.23681028373539448 301.78897233400493860
305.17161460593342781 297.96384096331894398
308.22406432405114174 297.62988774850964546
307.51997335720807314 297.26419391855597496
307.52537420205771923 296.91179477423429489
305.74770193453878164 295.16211076918989420
295.01950372755527496 290.38920604996383190
295.12293471582233906 290.16091988887637854
292.34192826226353645 289.12138993106782436

[OBSTACLE]
128.58901756815612316 197.63979205954819918
123.58339564595371485 209.09395997133105993
122.68704736884683371 233.80981107335537672
122.79953759536147118 241.59894606098532677
119.99529554788023233 245.97352324146777391
119.80320197623223066 249.81535105779767036
123.06760723702609539 251.39779414515942335
122.71210248209536076 258.19525023922324181
122.55641523003578186 258.12987617403268814
120.77416240330785513 259.80423582810908556
113.75820221751928329 267.45145353861153126
113.40248453337699175 273.09080096613615751
105.61404868122190237 284.36847146321088076
106.68452784605324268 306.60483487043529749
108.66706356965005398 323.77295840438455343
113.79261270072311163 334.22007641382515430
119.30121154058724642 333.06971181742846966
127.52664285711944103 328.83512049354612827
146.25570418313145638 328.98500805720686913
144.05822788551449776 325.76706706639379263
124.80466641299426556 325.88710975926369429
116.80462088901549578 328.48511660564690828
114.51304547954350710 323.83918425254523754
116.97028443124145269 321.69978806283324957
116.69924918189644814 305.03637342993170023
118.01002538204193115 293.67025397811084986
129.52216943260282278 295.72537343576550484
132.56597731634974480 305.29890630487352610
146.68258605804294348 309.39596173726022243
159.41056240536272526 308.13438645470887423
156.30590701941400766 300.86870511993765831
167.65273306239396334 298.98066810332238674
167.63378899265080690 294.09576888289302588
165.55583611316978931 290.76490238402038813
158.78599734231829643 288.02027004491537809
152.05372521746903658 282.63699517957866192
149.02925245556980371 275.75648537371307611
145.96608836483210325 274.49659098219126463
144.09545114822685719 272.59215678274631500
133.55685996171087027 272.55026645399630070
128.74779007397592068 267.70597004145383835
128.93119833618402481 260.80668804049491882
128.61598447151482105 260.67432773951441050
128.42743075080215931 253.98167519737035036
131.64313330687582493 245.34746334236115217
133.74638626910746098 244.06405900139361620
137.36117673106491566 247.98589258734136820
144.37982313707470894 251.20544831175357103
149.52473467495292425 251.59017692506313324
152.84016495943069458 249.62288706284016371
153.03957710415124893 246.18886705581098795
147.25870797783136368 235.43147025350481272
146.41621077340096235 226.00013591069728136
140.39994931314140558 220.58550051413476467
140.25060056708753109 207.52514406107366085
135.02265631686896086 197.99525168444961309

[OBSTACLE]
225.01532352156937122 299.83618761971592903
222.40021304599940777 299.86357140354812145
218.73196925409138203 306.41775862220674753
218.03940983489155769 313.27809828519821167
224.09101077076047659 322.58744971454143524
239.03586210310459137 323.85874631442129612
244.10408774856477976 320.69293246604502201
245.13448146823793650 317.03263012785464525
245.57796554360538721 310.84564442653208971
234.78060775343328714 306.50014894641935825
233.15495993103832006 303.49730544816702604
228.96621947083622217 303.67422707844525576

[OBSTACLE]
192.73124668467789888 294.58474657591432333
188.68263876624405384 309.34487649891525507
174.77125816326588392 316.49826773349195719
159.04977472033351660 316.93847762607038021
162.16733936686068773 320.81585786677896976
173.61276322789490223 320.67728447634726763
184.04372989013791084 317.97621878050267696
194.47664586734026670 310.56404064502567053
196.52077713515609503 298.21520866639912128

[OBSTACLE]
376.84502398315817118 282.04195288754999638
372.44882223661988974 284.54271298460662365
371.82262576743960381 289.38418967556208372
367.28059482853859663 293.84727338887751102
363.60009717475622892 294.41042905207723379
355.77166601456701756 302.98262593615800142
347.36305787414312363 303.24335601646453142
339.96059742197394371 298.92773066926747561
339.30036650784313679 297.85746299475431442
339.52660298626869917 297.64504470676183701
342.68548819981515408 299.87986914813518524
343.85213912092149258 298.23084199428558350
339.42751221545040607 295.10050082206726074
338.45107068773359060 296.48064870759844780
338.13761413097381592 295.97252837195992470
337.74234155844897032 293.13603019993752241
335.17424982879310846 290.56739536020904779
333.98145840317010880 293.26842017564922571
334.97296101506799459 298.06037897896021605
336.83026777021586895 303.06369824521243572
341.58871624059975147 306.18718017358332872
344.29926403984427452 309.22135701775550842
352.45712541975080967 311.08924773428589106
361.19511497300118208 307.57112566195428371
364.65788238774985075 301.06641467008739710
370.27333181537687778 299.12185290083289146
372.98776238504797220 293.66958939190953970
374.01550830993801355 286.66724988352507353
377.31520561967045069 283.40434619039297104

[OBSTACLE]
352.98812531214207411 299.69724989775568247
351.30028265994042158 300.90285333618521690
350.05845928285270929 301.19767643976956606
347.90174493379890919 300.87935190927237272
346.53980009350925684 300.32764091808348894
346.21917516458779573 300.82234838698059320
347.07787814270704985 301.35813719592988491
350.46365883853286505 301.93491708487272263
351.23877090122550726 301.80931082274764776
353.34827176574617624 300.20150689873844385

[OBSTACLE]
358.84013292007148266 295.13472885638475418
355.05325905047357082 299.01234734617173672
356.49836706183850765 300.42370124254375696
360.28524093143641949 296.54608275275677443

[OBSTACLE]
344.55600016191601753 298.46599980164319277
344.55600016191601753 299.48645119462162256
345.57408096827566624 299.44148907810449600
345.57602007035166025 298.46599980164319277

[OBSTACLE]
154.29932115785777569 266.97611737810075283
152.45245443657040596 268.98327547032386065
155.13821650296449661 274.52857002988457680
170.02222471591085196 280.63627110980451107
173.74361737538129091 284.58451644890010357
179.71571867447346449 292.84263481851667166
178.85145036783069372 284.48117654863744974
174.82920292764902115 279.03813520725816488
159.02853458747267723 272.48784636054188013

[OBSTACLE]
351.80593345221132040 287.33100611343979836
346.42477625235915184 287.97889695875346661
346.66626721061766148 289.98441359587013721
352.04732313007116318 289.33651284128427505

[OBSTACLE]
294.43513798620551825 278.05252332054078579
294.42287580017000437 278.85510608274489641
296.20099731534719467 280.60480853915214539
307.48458151798695326 285.62926335167139769
309.42808225285261869 286.67462514434009790
312.12942975573241711 286.90782088600099087
312.73845309391617775 286.17946315743029118
312.12791047710925341 285.67962323036044836
307.75125431548804045 285.01720011513680220
307.69035810511559248 285.15160444658249617
298.59206867218017578 281.02941539511084557
295.23544400185346603 278.13577806949615479

[OBSTACLE]
361.31063859350979328 205.69178264774382114
357.20139615330845118 205.81929752975702286
355.35129491612315178 209.05544419400393963
350.31544897984713316 214.04242869745939970
350.40643302351236343 221.51681968756020069
351.34797758422791958 223.11714676115661860
345.32418723125010729 225.19078595936298370
344.06630231998860836 228.07929197698831558
337.47323128301650286 229.71443076431751251
332.66672409791499376 230.15402447711676359
325.94240080378949642 235.08668284863233566
324.42342271562665701 243.17381413746625185
321.89667773246765137 253.47383474931120872
323.10216072201728821 257.98930019233375788
325.75750443432480097 260.93057406786829233
330.41231784224510193 262.53542968537658453
335.88363354932516813 269.06365961395204067
332.73762700241059065 272.41057392302900553
333.53952668979763985 277.25779273081570864
332.52763993572443724 282.03836524114012718
333.62322946544736624 285.18671387713402510
339.56810096744447947 285.58624985069036484
339.84716297686100006 284.72808873746544123
338.47999996971338987 284.35885935556143522
338.47999996971338987 278.06999983638525009
336.23415107559412718 278.06999983638525009
336.45075887534767389 273.10374946054071188
338.09203873760998249 271.75298619456589222
342.12923940364271402 275.35368275549262762
343.21424946561455727 277.96790831163525581
342.11748923826962709 278.66864719521254301
344.82025730144232512 282.89893097989261150
346.52251081261783838 281.81135303433984518
346.20136146340519190 281.30869886837899685
346.32535884622484446 281.10601940564811230
347.34437527041882277 281.20397086441516876
350.73280012141913176 284.46541869733482599
350.73280012141913176 285.62659007031470537
355.75280017219483852 285.62659007031470537
355.75280017219483852 283.60659005027264357
351.67885426711291075 283.60659005027264357
351.58047704864293337 283.37535398919135332
352.02903990354388952 282.90933003369718790
348.57558197155594826 279.58543300908058882
349.49592740647494793 278.11426586937159300
349.99004014208912849 275.73423869814723730
350.20023420825600624 275.66623894777148962
351.95666764024645090 277.27108313515782356
357.71816861815750599 278.33623850159347057
362.32618558406829834 276.55169839970767498
363.82384040672332048 272.56697818916290998
367.36743274144828320 264.79732774011790752
374.70060017332434654 258.20095782913267612
370.77486789505928755 257.89551755785942078
369.65989215020090342 248.44794513192027807
364.12947959732264280 241.61820154171437025
364.86224203556776047 236.10467169061303139
365.49457761365920305 233.51851509232074022
359.61838858015835285 231.48730158340185881
355.81037131417542696 225.18190150894224644
355.66592988558113575 222.07641805149614811
355.48163735587149858 222.08291081432253122
353.04009656701236963 219.34673053957521915
353.80670668371021748 213.33959215786308050
358.81006457004696131 209.34363825153559446
362.65523109585046768 209.97690391261130571
362.99123869091272354 215.20016259793192148
368.66130734514445066 221.67671856749802828
371.51305122487246990 222.00487105082720518
364.24358502496033907 208.01080747507512569

[OBSTACLE]
60.31401663925498724 212.98146502394229174
58.61573354993015528 213.12167596444487572
59.64344603382050991 219.59517239313572645
63.52767684776335955 220.26540553849190474
65.62273022998124361 223.39306480251252651
65.71515428833663464 232.65490539651364088
69.62445229198783636 235.15848913788795471
73.27083079703152180 243.02784325089305639
75.04044698551297188 244.18464199360460043
77.63587006833404303 251.29137568827718496
78.76845014654099941 255.37724074628204107
78.94551433715969324 260.17559517547488213
76.99646730627864599 264.16875210218131542
74.73907374870032072 283.34787596203386784
77.95749747753143311 285.62208395730704069
79.48111105244606733 283.82946434617042542
88.40171850752085447 280.85674524027854204
100.26892656739801168 255.70940115209668875
99.33086550142616034 246.34158027078956366
93.69807964190840721 239.03097692225128412
83.41994505841284990 236.83728607464581728
83.81416812073439360 256.18579566478729248
83.43934381287544966 256.19836579076945782
83.31545082665979862 253.54591453354805708
80.66102383192628622 254.53077153116464615
79.12804793007671833 250.97482368256896734
78.55939568486064672 243.32254290860146284
74.04482011124491692 238.84289108309894800
74.57993227709084749 234.46194808557629585
73.10365302022546530 232.59670132584869862
68.60073309484869242 232.34049234539270401
68.05325858667492867 229.69971825275570154
70.74855321273207664 227.27873096428811550
70.99048980418592691 222.96408451441675425
67.06973046064376831 217.78127044625580311
61.41245650220662355 217.54375210311263800

[OBSTACLE]
287.00069684721529484 243.79862238280475140
288.16796138696372509 247.62007985357195139
288.47811248432844877 251.41132878884673119
290.90554915368556976 255.48148611374199390
293.76477319467812777 264.02466783579438925
294.46784316189587116 275.03945991583168507
298.07297876663506031 280.06267084274441004
306.36226421874016523 283.87297319807112217
306.24671274702996016 277.44052953831851482
305.28740013483911753 272.49856123421341181
302.08933230210095644 267.17812218703329563
300.31121929362416267 260.66918253805488348
296.89250642806291580 252.43293414451181889
296.84648389276117086 245.71051401365548372

[OBSTACLE]
294.43408854492008686 121.30830916110426188
280.40845014993101358 122.19595210626721382
264.74498165957629681 130.88182100374251604
254.21115956362336874 143.31548947747796774
250.51737349946051836 153.70489532407373190
243.61018961761146784 155.50048883073031902
236.49928808771073818 161.28077152371406555
231.46478068735450506 167.88771932572126389
228.25276742316782475 168.31795313116163015
226.47891150880604982 164.21140822116285563
217.73900430928915739 162.95444222725927830
210.74228309467434883 161.02184138912707567
206.02493320684880018 160.84215504024177790
194.97337376419454813 168.13770204875618219
189.64191180374473333 174.11607289686799049
188.52480966318398714 177.99139348417520523
182.14770622830837965 184.07994385994970798
174.89802815951406956 186.72759121004492044
170.18334812950342894 190.25390000082552433
165.61697130091488361 192.85647683963179588
163.06664035283029079 200.78188975248485804
163.91400402784347534 206.87013113964349031
168.92981808539479971 209.88576537929475307
176.57610316667705774 206.96829388197511435
180.07231463864445686 203.12395364698022604
182.97419337648898363 197.45495507121086121
186.82007444463670254 195.02817127946764231
189.95658637303858995 191.16964590549468994
189.95957313384860754 188.18157014902681112
187.27995732426643372 184.09231235180050135
190.49968003667891026 180.99124900344759226
192.41875104419887066 175.94669937528669834
199.61784577928483486 170.22144141979515553
205.06634528283029795 170.54840058740228415
205.44958444684743881 172.45824639406055212
210.54474639520049095 172.60540771670639515
213.41867452580481768 167.02057616878300905
220.91347461286932230 166.67925507202744484
226.14711280446499586 171.71197965834289789
233.38646828010678291 171.65871793963015079
245.20067931152880192 163.94730187952518463
254.76869225781410933 162.66859863977879286
258.41356753464788198 159.62276569753885269
258.32889448851346970 151.29368602950125933
268.90594712644815445 141.46092925127595663
272.95980505738407373 139.84803759399801493
281.23567747697234154 143.89252219721674919
285.57775585446506739 145.37111807428300381
285.80772296339273453 159.48266531899571419
281.07023923285305500 163.39824890438467264
276.03039478231221437 162.57556606642901897
273.86319271195679903 164.91334379278123379
273.41549234651029110 171.26091146562248468
267.67398256342858076 167.62873203959316015
266.96202744916081429 174.25698630139231682
272.71258572023361921 180.03029406722635031
274.20773458853363991 182.80777668766677380
270.07076346501708031 188.42531905882060528
272.81688340008258820 190.74734743218868971
272.48886135872453451 200.52935630269348621
271.45262335799634457 215.81895216554403305
268.29761577863246202 222.88510355539619923
263.12710660044103861 221.09696585405617952
260.93406402505934238 222.31811185553669930
264.88377131428569555 224.24604080431163311
264.89864568505436182 224.46538414433598518
259.57883571088314056 228.02357371337711811
259.43754371721297503 235.86704786960035563
261.06101342197507620 241.28478394262492657
264.47008902207016945 245.75784104038029909
268.42683069594204426 247.45757973473519087
268.62807852681726217 251.40005167387425900
265.80847952235490084 255.77512157615274191
255.69840269815176725 265.40722257737070322
255.10706210881471634 271.26103646308183670
250.81878692191094160 272.06875402387231588
242.00801885034888983 276.74065840523689985
238.39129115082323551 279.01529606059193611
238.79317838978022337 280.60249589849263430
247.61786808725446463 278.07250783313065767
252.91489267721772194 278.25256970152258873
258.07351729366928339 273.19358220510184765
262.96994235832244158 264.97548325266689062
277.21738025732338428 253.40456064045429230
277.69592279382050037 249.97311852034181356
269.37465261295437813 236.13102440256625414
268.75319387856870890 231.54387849848717451
273.14982561487704515 222.12597709428519011
276.03366412501782179 211.09057339467108250
276.57996786292642355 204.50853544846177101
279.16004879865795374 202.27895474433898926
274.79408011678606272 200.46792646218091249
274.76563708018511534 194.15545114967972040
276.13272904232144356 189.94581231102347374
274.81165732908993959 188.05582388956099749
280.92827200330793858 179.94707545358687639
285.10841804463416338 173.38210106827318668
285.35510805528610945 167.98147058207541704
290.93935228418558836 159.20929721649736166
293.76933977380394936 158.36548498924821615
298.68081139121204615 153.22248849831521511
299.92117296066135168 146.20028214901685715
299.79111846908926964 137.48814732208848000
297.45449681300669909 132.22848956100642681
298.88397788722068071 125.65779757872223854

[OBSTACLE]
248.09692830778658390 227.32203760091215372
241.12097577005624771 228.54439930524677038
237.08095593657344580 230.05293328128755093
235.93121121171861887 233.34592004586011171
226.24878829251974821 237.67185973282903433
221.10048347525298595 240.53981722611933947
221.27675730641931295 251.33958806935697794
227.44719513785094023 257.53403904195874929
232.10795330721884966 257.40131289791315794
238.74684864841401577 248.96593642327934504
245.98056964576244354 250.76745267771184444
250.06321493536233902 242.78029744420200586
250.11057807411998510 235.28313595801591873

[OBSTACLE]
122.02602147962898016 99.95974125061184168
113.96526448335498571 105.70915579143911600
108.12259694188833237 116.11272920109331608
108.13030349183827639 122.97919658292084932
111.41409716289490461 127.99665126577019691
111.31222816463559866 137.24076328333467245
104.63320056814700365 149.51062393467873335
104.63040013611316681 166.32829693425446749
106.23530499450862408 188.11350437998771667
109.55753409024327993 199.44331514649093151
112.47684046812355518 211.60964740999042988
110.61495713796466589 221.22474774066358805
110.78113498073071241 228.25694626942276955
114.14714037720113993 233.87274765782058239
116.66400428768247366 232.97318118065595627
117.56733397301286459 224.42293009534478188
118.46993434429168701 195.08149841986596584
121.95919170789420605 185.75784742180258036
124.38230656739324331 185.52910648938268423
128.37670415639877319 178.22417719941586256
128.54575083125382662 174.51941010076552629
125.07137102354317904 170.49299394618719816
119.28962514549493790 168.42148590367287397
111.95068493206053972 168.22755798790603876
111.09931722935289145 151.55654223635792732
113.26492638140916824 147.06631165090948343
118.34747510310262442 138.79314650315791368
120.63294846378266811 136.36356001906096935
116.42500022146850824 126.00266712810844183
114.62671760097146034 123.05221540108323097
115.51222377736121416 113.30376772675663233
127.13362461607903242 105.93263250868767500
132.16219697333872318 106.16100430116057396
138.67591873183846474 113.15241075400263071
133.63188551831990480 118.21984460484236479
132.93442223686724901 128.50876757316291332
135.57491082046180964 138.55690854601562023
137.02149021346122026 144.80698588304221630
127.05122570693492889 148.42973986454308033
130.67802422028034925 158.37726210802793503
135.63164372090250254 161.36306906025856733
136.92063748836517334 165.46846095379441977
146.95462545007467270 168.59293419308960438
147.33213511668145657 171.38026433624327183
148.97863098233938217 173.66908649355173111
149.15409182570874691 177.15545589290559292
147.46716404519975185 179.59292987547814846
146.48220782820135355 183.75016552489250898
143.08375112153589725 185.10462781693786383
145.49229161441326141 189.49196492321789265
149.97609599400311708 189.53385707829147577
153.42522635217756033 187.34184166602790356
153.63830523565411568 177.91924456320703030
151.24750802107155323 177.54216737486422062
150.82995414920151234 170.32208802737295628
153.84910150337964296 168.52599485125392675
156.31970795802772045 161.54054147191345692
156.47197047621011734 157.33917845878750086
162.22592076566070318 158.45317722670733929
162.87215875554829836 155.61617243103682995
168.38625197019428015 154.56011721305549145
172.66945562791079283 162.20040196459740400
175.20401085168123245 167.51559432875365019
174.48738922737538815 171.58965108450502157
181.98846438992768526 168.15668707899749279
189.05374159570783377 160.63857267703860998
187.07448811084032059 159.65597285237163305
179.59671867080032825 165.07730640470981598
176.37013503629714251 159.69110921304672956
176.17338766250759363 152.44127601385116577
168.84811168070882559 144.16024303808808327
165.33869161829352379 145.02493687346577644
165.44966676272451878 133.32751097716391087
156.69720816239714622 123.77740452252328396
138.89381481613963842 104.96575678326189518
132.34488409850746393 100.46755129937082529

[OBSTACLE]
312.94820733647793531 186.90474043879657984
301.54012997075915337 189.68642741348594427
301.48158408235758543 189.44268968980759382
298.64825351908802986 190.32975487690418959
296.51956048514693975 191.76893269643187523
296.46229459531605244 192.62029480002820492
297.20198777783662081 192.65181119088083506
301.20673961658030748 191.07839071564376354
301.38179038371890783 191.24030696973204613
298.04988546855747700 202.14874144829809666
299.56521526817232370 210.14328990783542395
299.37610346730798483 217.32735536899417639
294.83345838449895382 224.81906171794980764
302.90385288000106812 229.61557258013635874
306.43721036333590746 221.60803531669080257
310.82700922247022390 208.60760316066443920
311.35155140329152346 199.14857330825179815
313.18841111194342375 188.78284249268472195
301.47678025532513857 191.16374586615711451
301.33659928478300571 190.94286888372153044
301.71871738508343697 190.42999888677150011
301.66157851647585630 190.19207792170345783
310.79053535871207714 187.99942969344556332
315.21662919595837593 188.22238516621291637
315.89857578556984663 187.79718520492315292
315.47242957819253206 187.11356809828430414

[OBSTACLE]
236.82095584552735090 182.06167287845164537
229.81128972023725510 183.20942338276654482
230.54111132491379976 187.91868251003324986
216.06988270860165358 187.92187086027115583
211.96855648420751095 192.50611787289381027
212.13476295396685600 195.78637698199599981
208.96104277204722166 198.75331820454448462
206.61934253759682178 204.08700737357139587
198.02615896891802549 205.87280004937201738
191.62914327997714281 210.35438099596649408
192.93091533705592155 218.93759845662862062
200.86512212548404932 225.05207637697458267
214.49670889321714640 225.14725480787456036
220.49042594991624355 222.46512832865118980
224.64449124224483967 214.15853205043822527
228.46423675026744604 213.91702027525752783
230.34071932733058929 208.65305266715586185
234.26678971294313669 207.29024453554302454
237.30350924842059612 203.53342747036367655
238.39336277544498444 199.26387474499642849
242.62493224255740643 198.61679413355886936
246.27546887006610632 193.47208289615809917
246.81096312683075666 186.17889259941875935

[OBSTACLE]
357.04053527209907770 122.61794934980571270
353.07603828236460686 128.51734958961606026
353.33308601938188076 128.69804045185446739
353.01922858785837889 129.23300233483314514
351.23445705790072680 128.85172732733190060
347.16533358395099640 130.89108522981405258
346.90266633220016956 130.63118833955377340
345.21836524549871683 131.86687818262726068
343.94398114643990993 132.50556082185357809
342.59896450955420732 133.78854860272258520
341.46792247798293829 134.61835044994950294
341.35791707411408424 134.51086676120758057
340.59163325559347868 135.70333901233971119
336.25075378268957138 139.84418350271880627
337.12755771912634373 142.75514230784028769
335.68063842505216599 146.66207375843077898
337.80351483449339867 150.53821822069585323
337.61184886936098337 151.26633291784673929
336.42331201862543821 151.55375279672443867
336.34212844632565975 157.21892708074301481
335.12587989773601294 160.16341314371675253
331.78030711319297552 163.64312700647860765
329.33966594934463501 171.10131127946078777
330.71567091904580593 176.17565824743360281
333.15513987001031637 177.70861842110753059
335.11530057713389397 182.27582825347781181
338.39440822973847389 183.65848699212074280
338.96875211969017982 184.18745199963450432
338.80631365161389112 184.96605765447020531
340.14425691962242126 186.54551650956273079
342.11860680393874645 186.20897774957120419
342.80718633532524109 184.12678335420787334
343.35822873562574387 183.61592253670096397
348.71121150441467762 185.79429114051163197
350.15573310852050781 188.58904723171144724
356.56553175952285528 189.39288461301475763
362.13689707219600677 189.44176708534359932
362.22771819960325956 189.71114936470985413
368.64311108645051718 187.54929651506245136
368.49216239526867867 187.07499953825026751
371.00257365684956312 186.08366170432418585
370.59437383897602558 184.30905329808592796
375.90119683742523193 178.09077895432710648
378.99756016768515110 177.15954109374433756
383.96871388517320156 173.30359781812876463
383.49703560862690210 167.61744813155382872
381.17088997270911932 167.18063063174486160
378.51958967000246048 165.06640585046261549
378.51210632734000683 161.57334465812891722
378.87045524269342422 161.03082754183560610
378.51044802367687225 160.79301640205085278
378.49802632443606853 159.51465507969260216
383.19598451629281044 151.51828924287110567
384.03266678377985954 151.64926991891115904
385.30615551490336657 150.01636204496026039
384.56913252267986536 148.22126635536551476
382.70935353357344866 147.83587688580155373
377.19655886199325323 144.12498153001070023
380.10564504284411669 139.89054167270660400
379.26082229614257812 139.31888363324105740
375.55097958445549011 144.80137257091701031
376.34054751321673393 145.37096616625785828
376.50693102460354567 145.12880943901836872
381.73457768745720387 148.65026264544576406
381.13391201291233301 149.36320634186267853
381.84380012191832066 151.29727311059832573
380.97252900246530771 152.80669730994850397
373.58840741589665413 147.36701050214469433
372.88578216359019279 148.36443104501813650
372.99507858511060476 148.44481528084725142
371.22568647842854261 151.09587295446544886
371.14651058148592710 151.03355447109788656
370.37974453065544367 152.01191019266843796
371.35330169741064310 152.74605684261769056
372.23323371540755033 151.71553627308458090
373.78487641550600529 149.02593884989619255
380.36166546866297722 153.86488099489361048
377.52181781921535730 158.78440674673765898
376.20844441186636686 158.95175146777182817
375.72957650199532509 158.69082646816968918
372.65974176116287708 163.51933159306645393
372.66644009202718735 163.85552635043859482
372.11874450650066137 164.68475320376455784
372.69050639867782593 165.06238007266074419
372.70633929874747992 165.85831570532172918
372.42174150887876749 165.93694773316383362
370.93017027061432600 163.32729085907340050
371.04655356984585524 163.22689982969313860
366.41482689417898655 159.44483361858874559
368.92679657787084579 155.75824202410876751
371.56820836197584867 157.51462716422975063
372.13127354346215725 156.78787287138402462
368.77045073732733727 154.22227274067699909
368.35674261394888163 155.01056958828121424
368.25082273222506046 154.93888306058943272
364.54072192776948214 160.42175341118127108
365.39482942037284374 160.97972402349114418
365.71921069920063019 160.46648330800235271
370.08476622868329287 164.04342915024608374
372.69062087219208479 168.78795880451798439
372.47871627565473318 169.60190270096063614
371.17540803924202919 172.06482919678092003
371.69462707266211510 172.61416324600577354
371.55412255693227053 173.15415954124182463
375.08231582399457693 176.08689271658658981
374.08327841293066740 177.35472371801733971
368.25941674970090389 181.65377092640846968
366.44005790725350380 178.02478887606412172
365.34947869088500738 178.57155235204845667
367.20163530763238668 182.26601343508809805
366.91828209627419710 182.42959403153508902
367.19103810098022223 182.74867001734673977
366.25783457607030869 183.55573789868503809
360.35080321691930294 184.31890250183641911
360.28820853587239981 183.80730338301509619
356.25201680324971676 184.31189524009823799
355.95921579468995333 184.21389389317482710
356.08659304305911064 179.92154729645699263
354.86697641015052795 179.88826076686382294
354.75062849652022123 184.15132089331746101
347.02409316506236792 182.57501130271703005
348.02912413701415062 178.30236499756574631
346.84132579248398542 178.02301577199250460
345.91846179496496916 182.19307887833565474
343.16515814326703548 181.24033232685178518
340.03802822716534138 178.21962163504213095
339.36097446084022522 179.23504927661269903
339.98945663124322891 179.82290653418749571
339.83056894224137068 180.08643128350377083
337.81740731559693813 179.38981411512941122
338.57948878686875105 168.43493054341524839
341.18257195688784122 164.59382086712867022
341.36388444062322378 163.32825335767120123
341.48865809291601181 163.33655491657555103
342.20083542913198471 157.61095377709716558
342.55448977928608656 157.62985033821314573
342.62497113458812237 161.77880844194442034
343.58468807954341173 161.76251018233597279
343.49183033499866724 151.33261216245591640
345.52953062672168016 148.69392328616231680
346.30920712091028690 148.35869111027568579
353.54638901446014643 153.64795396383851767
353.45113070216029882 153.76484509464353323
353.91103104874491692 154.13960680086165667
354.45072160754352808 157.49736701790243387
355.22991446498781443 158.14608958363533020
357.65954274777323008 155.12821363750845194
357.29708488099277020 154.83472209330648184
360.73075551353394985 149.85030919127166271
359.88591659907251596 149.27861991897225380
356.54391866549849510 154.22486659605056047
354.58432480134069920 152.63823956437408924
354.45173359476029873 152.79756881482899189
351.00658291857689619 150.09004489611834288
350.92864061892032623 150.19543213956058025
347.92937051411718130 147.87180949747562408
347.95077389758080244 147.38480040617287159
349.13803544733673334 145.50244108028709888
348.06135276239365339 144.86234168522059917
348.28404410369694233 139.78769203368574381
348.48976726550608873 139.68933113850653172
355.07576049119234085 144.54144256748259068
355.79434115719050169 143.55566141661256552
355.66531607229262590 143.46058186143636703
357.86932355910539627 140.15805289614945650
356.76646582130342722 139.69097703415900469
354.90883728396147490 142.90315109211951494
350.22204720973968506 139.44951293431222439
351.68742257822304964 137.54292523302137852
350.77471549250185490 136.84144737664610147
353.84699793998152018 134.43632576335221529
354.72468410432338715 132.05997867137193680
355.85988902393728495 131.75765088759362698
356.54861584305763245 132.22043123003095388
357.32075416389852762 131.15997890755534172
356.31652259733527899 130.36971615068614483
356.08998006489127874 130.66543289925903082
355.41910837218165398 130.17980754189193249
355.56767988670617342 129.77741260174661875
354.56788880098611116 129.56384490802884102
353.48001929745078087 128.85974856372922659
357.46972074545919895 122.84664294961839914

[OBSTACLE]
312.91255201399326324 175.42874487489461899
312.15167022217065096 175.46462225448340178
308.29082916025072336 177.62885744590312243
308.32529106643050909 177.77234176732599735
298.61295494250953197 180.10512031987309456
294.18686105217784643 179.88217481598258018
293.50404823105782270 180.30785399675369263
293.98716985899955034 180.94887630734592676
296.46496981754899025 181.23811256419867277
308.45615636929869652 178.27570771239697933
310.63200501538813114 177.90747514460235834
312.90757306944578886 176.43276302516460419

[OBSTACLE]
312.82357347104698420 133.20434013754129410
312.73473787959665060 146.78367647342383862
309.76187145523726940 148.47745147626847029
305.19241176359355450 165.13787578418850899
301.48621229641139507 167.03480684198439121
298.24015028402209282 173.12102293130010366
299.59785267245024443 177.60063482262194157
307.59677323605865240 176.03039875440299511
315.28667309973388910 167.93876086268573999
322.06463098712265491 154.41701102163642645
324.12442352715879679 146.22133630141615868
323.34902197495102882 138.42086238507181406
321.79642872046679258 134.27873412985354662

[OBSTACLE]
355.14185092970728874 175.77395702991634607
355.10837922990322113 177.19176148343831301
356.45312833692878485 177.29548162221908569
356.55851437151432037 175.87936949543654919

[OBSTACLE]
363.23362929653376341 167.38936606049537659
353.90717339981347322 168.72698521800339222
354.11732039600610733 169.92868649680167437
363.46268932335078716 168.58730019070208073

[OBSTACLE]
340.89432423375546932 165.69778218120336533
340.48313267342746258 167.05692529212683439
341.84227554500102997 167.46817773208022118
342.25346710532903671 166.10903462208807468

[OBSTACLE]
351.73668644484132528 160.48658019676804543
349.56087581906467676 164.42231721896678209
349.37683229800313711 164.24920558091253042
348.83569851983338594 165.51410990022122860
350.17153459135442972 166.09608319588005543
352.80419977847486734 161.07674144580960274

[OBSTACLE]
363.25891953427344561 144.90442285127937794
362.42984241433441639 146.05731054395437241
363.58278095256537199 146.88632711954414845
364.41175676509737968 145.73344951681792736

[OBSTACLE]
123.61635065264999866 59.74422756209969521
122.81526522058993578 59.77134627010673285
121.12294605374336243 61.59253657236695290
116.70258657820522785 72.47080592717975378
116.47090215142816305 72.37476372439414263
115.52262567076832056 75.18819508608430624
115.43522955197840929 77.75624385569244623
116.09023806825280190 78.30314485728740692
116.55062692984938622 77.72336192242801189
117.71735703013837337 73.23190190829336643
127.85902130883187056 79.25095380190759897
131.82377540040761232 83.89393352903425694
142.03947922866791487 93.89367882348597050
144.62930213473737240 94.51548084709793329
148.24234066344797611 101.20898950006812811
152.22055173851549625 102.48761038202792406
159.07148011587560177 109.08884848747402430
161.63011365104466677 115.81143130455166101
174.89605775475502014 127.25120597146451473
174.97789508569985628 129.46436336729675531
178.24904797971248627 132.64699514675885439
180.19884726218879223 132.40036829095333815
189.99487054627388716 138.33792627509683371
196.82524250168353319 141.10793994832783937
201.42937262542545795 141.65900101605802774
205.76525435969233513 140.84882060158997774
223.96727291215211153 139.47627257928252220
226.88635986857116222 136.94368997216224670
228.15481606684625149 138.31004789937287569
236.62589359376579523 142.01652146223932505
242.43891950417309999 136.98388877790421247
242.70292970631271601 131.81033913884311914
239.05190902203321457 128.30501712113618851
234.43210619222372770 127.48170692939311266
226.70121335424482822 133.11614964716136456
215.01269947923719883 133.98825048655271530
211.20592551957815886 131.16281914524734020
209.12264213990420103 130.67245852667838335
209.18948333710432053 130.31573590170592070
226.39971923362463713 132.71894298214465380
220.50375505816191435 119.39682466164231300
212.60116420965641737 119.35472915228456259
208.40561423450708389 115.89174153935164213
198.99933838937431574 112.27234896365553141
181.00676037278026342 108.90330054145306349
174.90023658331483603 108.90069647971540689
173.84910819679498672 114.01662149373441935
181.80599056184291840 121.70551565475761890
181.74547681305557489 121.92336710728704929
179.62498476635664701 122.41178119275718927
176.96651999838650227 118.80402010492980480
169.86223367601633072 113.42960611917078495
168.03830701205879450 108.01030872482806444
165.25614945404231548 103.53374414052814245
161.01549932360649109 101.72081756684929132
157.97183424700051546 97.82037258241325617
154.29269909393042326 96.29369627404958010
150.12043566443026066 91.81228370405733585
145.91839372273534536 85.49148495774716139
139.75797691754996777 79.47188577894121408
137.11992250103503466 77.93166794907301664
133.63398571591824293 72.95844357553869486
127.65152489859610796 68.49863525759428740
125.33700238354504108 65.21531107835471630
120.19454463571310043 65.40095058828592300
120.77654133271425962 63.99624872952699661
123.55507207754999399 60.53785282280296087

[OBSTACLE]
378.80628113821148872 113.59441647119820118
378.58960830047726631 117.06473767850548029
378.40844585467129946 117.13973231520503759
379.99176034796983004 120.22288437839597464
379.86051867902278900 120.41166753228753805
382.74689015559852123 122.10173617210239172
389.08612792193889618 129.52888594940304756
392.58123179711401463 135.06386032421141863
394.66707852575927973 141.85943707171827555
395.13002161309123039 141.71664361376315355
393.08999157138168812 134.89526431635022163
392.94851799029856920 134.93885468691587448
389.44482474215328693 129.31051932740956545
383.14726762659847736 121.75124846864491701
383.03744493331760168 121.84316526446491480
380.45410552248358727 120.22958225384354591
378.96396765485405922 117.21642390452325344
379.36685239896178246 113.66347576957195997

[OBSTACLE]
359.46583339944481850 132.59699188265949488
358.69311587419360876 133.66150720976293087
359.70511945709586143 134.34151366446167231
359.77376862894743681 134.24713855236768723
366.57570874691009521 139.25821058545261621
366.40287295356392860 139.50502464920282364
367.56603669468313456 140.31964485906064510
371.74073692131787539 134.23029622249305248
370.89592201728373766 133.65863362979143858
367.56326108798384666 138.58365055825561285

[OBSTACLE]
363.95546848420053720 122.43364841211587191
360.29220131877809763 122.66399397887289524
360.30841881502419710 123.05327413138002157
363.97701133321970701 122.95356056001037359

[OBSTACLE]
296.88236804492771626 97.36998829524964094
287.54569634795188904 97.64280969649553299
273.62929922156035900 98.55597076192498207
261.39508073963224888 105.46428121533244848
262.82943204324692488 108.85078430548310280
255.43124847020953894 115.60311737842857838
252.18077182956039906 117.70966388005763292
254.85983790270984173 122.95664841867983341
258.03017145022749901 122.44206931255757809
263.12949341256171465 117.52137683983892202
268.27418994531035423 115.91055826563388109
277.29412445239722729 111.73480664100497961
295.09200177621096373 109.40253795869648457
299.46128224022686481 112.61827892996370792
303.91523154173046350 112.07284413930028677
305.86428839620202780 118.20671536680310965
310.72754750028252602 118.43319509178400040
313.37070707697421312 114.38418624922633171
313.80170106049627066 115.10854509752243757
318.36667667701840401 118.56406975816935301
318.86636037100106478 111.13641405105590820
312.60401746723800898 98.64168643113225698

[OBSTACLE]
392.07415060512721539 111.96679726801812649
391.17727869283407927 113.20200823526829481
391.01204441115260124 113.06477490160614252
390.21420083567500114 114.03864456620067358
390.03785821981728077 114.03253211732953787
389.18311434052884579 115.32100004423409700
388.60319069679826498 114.90193596482276917
387.65927846916019917 116.19502333737909794
388.15666469000279903 116.57834636420011520
388.35138993803411722 116.30886674392968416
389.37089541088789701 117.17156415060162544
388.74364026263356209 117.95165732689201832
391.87662771344184875 120.47060958575457335
392.47903295699506998 119.72132316511124372
393.14841435942798853 120.25860823597759008
396.80020582117140293 115.85614754259586334

[OBSTACLE]
372.60802238807082176 111.49506519734859467
372.27608063910156488 114.95491548813879490
369.22657020855695009 115.90318697970360518
365.76949372328817844 114.84981366805732250
365.73726369813084602 114.95008242037147284
359.13871669955551624 114.26241551153361797
359.01313129719346762 114.76160190347582102
365.62985786795616150 115.32156987581402063
368.95158983021974564 116.29208779800683260
369.01256610080599785 116.49447564408183098
372.51189104001969099 115.36627569235861301
372.65505736228078604 115.46458504255861044
373.12472373060882092 111.55634933430701494

[OBSTACLE]
393.88000001572072506 111.30999990180134773
393.88000001572072506 113.02999987732619047
396.58000002615153790 113.02999987732619047
396.58000002615153790 111.30999990180134773

[OBSTACLE]
398.43724006135016680 108.84836017526686192
396.68836036883294582 110.66271989047527313
398.50275986082851887 112.41160971112549305
400.25163997244089842 110.59728007391095161

[OBSTACLE]
362.04324428923428059 103.61995429825037718
361.72143296431750059 107.97580835130065680
361.48819893039762974 107.96858868189156055
361.45300983823835850 111.61794192902743816
369.45063595566898584 112.20876964181661606
370.04150944110006094 104.21056424733251333
366.51021306402981281 103.94964208081364632
366.51542450487613678 103.83007883466780186

[OBSTACLE]
347.26701467204838991 93.79072598461061716
340.69294545613229275 99.04272868297994137
349.81822858750820160 110.46524456050246954
356.39239780697971582 105.21325186267495155
356.67702598869800568 100.75417872518301010
351.67890007235109806 94.49783791601657867

[OBSTACLE]
280.51920278463512659 66.10564695391803980
272.23372940346598625 73.97468019649386406
264.88751456700265408 82.94730470515787601
259.41460540518164635 86.39227855857461691
250.38953212369233370 88.27602136693894863
245.84911994077265263 93.71484970953315496
243.48251388501375914 98.99192131496965885
237.79814084433019161 101.14760092832148075
236.13957019802182913 104.33227052353322506
232.55986394733190536 104.55523266177624464
229.51450379844754934 99.26740005519241095
228.21570007782429457 108.93402538262307644
234.78111336007714272 109.03511439356952906
241.19283184316009283 107.81945300661027431
249.86613887920975685 100.75371801760047674
252.97315035294741392 95.47074433322995901
254.27351732179522514 90.36274381913244724
261.44405898451805115 90.31076329015195370
263.82430258765816689 87.05963737517595291
268.03552459180355072 85.39438631851226091
272.62022586353123188 78.03334789630025625
279.85065992269665003 72.53692926000803709
281.51712460163980722 68.15481094550341368

[OBSTACLE]
197.74830481782555580 97.98206757009029388
197.54409624543040991 98.46054441947489977
203.64323007408529520 101.00724153127521276
209.44236700516194105 104.11627884395420551
215.49861688539385796 107.82154603023082018
215.76446516904979944 107.38754137791693211
209.66518686525523663 103.70477646961808205
203.79713294561952353 100.64888056181371212

[OBSTACLE]
394.17558029480278492 102.05750252772122622
393.32520310301333666 103.19471973180770874
396.38441962096840143 105.48249724227935076
397.23479681555181742 104.34528045635670424

[OBSTACLE]
164.62639649584889412 93.22493546269834042
164.32454474456608295 93.59673134796321392
169.57153695728629827 97.67029270995408297
169.50717228557914495 97.81488240882754326
175.60329519864171743 100.36160559020936489
175.57146560773253441 100.47366664279252291
181.93821551185101271 102.22548901196569204
182.36617844738066196 102.47784565854817629
182.54936544224619865 101.91403454914689064
176.19154981989413500 100.16513605508953333
170.15927943214774132 97.59672369621694088

[OBSTACLE]
364.40339994989335537 97.39219991397112608
364.40339994989335537 98.81200585141777992
366.06217806134372950 98.84450345952063799
366.02313482575118542 97.39219991397112608

[OBSTACLE]
183.33199252001941204 80.16851395368576050
184.03254564851522446 85.15198225155472755
187.75072808098047972 89.04087876155972481
195.77583042066544294 91.54082176089286804
207.66060581337660551 98.34781715180724859
209.83350879605859518 97.10937769338488579
207.37593016866594553 94.34527420159429312
199.67326985951513052 90.84061515983194113
189.97512624319642782 87.42280559800565243
186.73544517811387777 82.95310569927096367
186.82998113427311182 82.75047663319855928
189.92200353462249041 82.53195491619408131
188.82758045196533203 81.07698171492666006

[OBSTACLE]
403.89390021841973066 95.06881286669522524
401.48731006961315870 95.32089643459767103
401.69829910341650248 97.32988934218883514
404.10499064996838570 97.07720105629414320

[OBSTACLE]
218.43117648363113403 73.51040586736053228
215.59639247693121433 76.14257511869072914
214.88640541303902864 86.19654427748173475
223.25131559744477272 90.39812306687235832
225.88565335143357515 94.09474775195121765
233.87588359788060188 93.71507353428751230
236.46762700658291578 86.64775576442480087
245.85360795538872480 79.70137583091855049
239.04671720229089260 79.56744482275098562
234.30865500867366791 82.84632154833525419
232.52663350477814674 89.14730850327759981
221.98078434262424707 85.52409578487277031
218.70444417838007212 80.86646898835897446

[OBSTACLE]
400.34350887406617403 90.42135854344815016
398.61918374802917242 92.11926575191318989
400.03139819391071796 93.56370010320097208
401.75300949625670910 91.85267599578946829

[OBSTACLE]
395.50000009033828974 88.62000011280179024
395.50000009033828974 91.03999405726790428
397.52000011038035154 91.04120585508644581
397.52000011038035154 88.62000011280179024

[OBSTACLE]
351.82276755198836327 75.81923227198421955
346.49296986870467663 79.79619058035314083
346.45247411075979471 79.66900326870381832
346.02540501113981009 79.98708030302077532
348.01461055222898722 82.72765266988426447
347.37383449357002974 83.34822303149849176
352.43145981803536415 89.92631281819194555
360.64201180916279554 83.63004957884550095
362.34718304406851530 85.87573946174234152
359.74332092795521021 87.99065245222300291
359.98948822636157274 88.29275247920304537
362.89023743104189634 86.06267540343105793
360.94174454268068075 83.40018493961542845
361.41422044392675161 83.03784979600459337
356.35138936713337898 76.43563021626323462
348.33324761316180229 82.50265931151807308
346.65176161471754313 80.09657808020710945
352.07460868358612061 76.21643066126853228

[OBSTACLE]
368.12687458563596010 78.77866275701671839
366.83066201116889715 81.97710953932255507
366.55399203300476074 82.14785557705909014
370.54302300047129393 88.06971889361739159
370.96806159522384405 87.73514056019484997
370.59102048818022013 87.41935464181005955
367.15406564157456160 82.27141428831964731
368.60451787337660789 78.98501737695187330

[OBSTACLE]
369.73881259374320507 69.04995881300419569
367.62635902501642704 71.73958733119070530
372.12468737922608852 75.27274100668728352
374.23724132496863604 72.58311260491609573

[OBSTACLE]
133.84065798111259937 46.84491206239908934
133.68241957202553749 47.20103835500776768
140.01265136152505875 49.88279874343425035
143.85587812494486570 55.31105412915349007
148.65055188443511724 63.83834295533597469
152.16297507937997580 68.82682633958756924
152.05852847732603550 68.94249494653195143
157.10469596832990646 73.29021684452891350
157.06886359304189682 73.50918106082826853
163.63974117860198021 74.17269546538591385
164.09723609779030085 74.36862722225487232
164.18491171766072512 73.88841351866722107
164.50782862585037947 74.13063453603535891
174.84544340148568153 73.41126516647636890
172.15911330841481686 68.75131671410053968
167.42641856987029314 70.84640462230890989
163.94467677641659975 65.48000221699476242
160.97333235014230013 53.03270820062607527
157.40278803650289774 50.20712367165833712
149.08070677053183317 50.15038901008665562
150.29266628157347441 52.56519692018628120
156.27050165832042694 53.93303341977298260
158.50950688961893320 57.44588570669293404
160.57531079649925232 71.18084019795060158
163.64260262623429298 73.48162571620196104
163.53594736568629742 73.75132557563483715
157.55636311043053865 73.09330107830464840
152.75233352836221457 68.92992708459496498
148.97070163395255804 63.61565728485584259
143.99729791935533285 54.65793292969465256
140.14686611853539944 49.31007445510476828
140.00347445625811815 49.41243124660104513

[OBSTACLE]
360.15000016335397959 65.46000007446855307
360.15000016335397959 67.48000009451061487
365.16999979969114065 67.48000009451061487
365.16999979969114065 65.46000007446855307
